05-25 08:28:21 model_name: MFSAN
05-25 08:28:21 Domain: exp
05-25 08:28:21 source: JNU_0,JNU_2
05-25 08:28:21 target: CWRU_0
05-25 08:28:21 data_dir: ../burning_event/dataset
05-25 08:28:21 train_mode: multi_source
05-25 08:28:21 cuda_device: 0
05-25 08:28:21 save_dir: ./ckpt
05-25 08:28:21 max_epoch: 50
05-25 08:28:21 batch_size: 32
05-25 08:28:21 num_workers: 0
05-25 08:28:21 signal_size: 2048
05-25 08:28:21 random_state: 1025
05-25 08:28:21 project: experiment
05-25 08:28:21 fac: 0
05-25 08:28:21 adv: 1
05-25 08:28:21 recon: 0
05-25 08:28:21 iet: 0
05-25 08:28:21 normlizetype: mean-std
05-25 08:28:21 opt: adam
05-25 08:28:21 lr: 0.001
05-25 08:28:21 momentum: 0.9
05-25 08:28:21 betas: (0.9, 0.999)
05-25 08:28:21 weight_decay: 0.001
05-25 08:28:21 lr_scheduler: stepLR
05-25 08:28:21 gamma: 0.2
05-25 08:28:21 steps: 20
05-25 08:28:21 tradeoff: ['exp', 'exp', 'exp']
05-25 08:28:21 dropout: 0.2
05-25 08:28:21 save: False
05-25 08:28:21 load_path:
05-25 08:28:21 tsne: False
05-25 08:28:21 save_path: ./ckpt/MFSAN/multi_source/[JNU_0JNU_2]To[CWRU_0]_0525-082821
05-25 08:28:21 Detect 3 classes: ['inner', 'normal', 'outer']
05-25 08:28:22 using 1 / 2 gpus
Loading source: JNU, Condition: 0
Source Data Distribution:
+--------------+---------+
| Label        |   Count |
|--------------+---------|
| 0            |     244 |
| 1            |     244 |
| 2            |     244 |
| Dataset Size |     732 |
+--------------+---------+
Loading source: JNU, Condition: 2
05-25 08:28:28 Source set JNU_0 number of samples 732.
05-25 08:28:28 Source set JNU_2 number of samples 732.
05-25 08:28:28 target training set number of samples 174.
05-25 08:28:28 target validation set number of samples 87.
05-25 08:28:28 -----Epoch 1/50-----
05-25 08:28:28 current lr: [0.001, 0.001]
  0%|                                                                                                                                                                      | 0/5 [00:00<?, ?it/s]
Source Data Distribution:
+--------------+---------+
| Label        |   Count |
|--------------+---------|
| 0            |     244 |
| 1            |     244 |
| 2            |     244 |
| Dataset Size |     732 |
+--------------+---------+
Setting up target: CWRU, Condition: 0
Target Data Distribution:
+--------------+---------+-------+
|              |   train |   val |
|--------------+---------+-------|
| 0            |      58 |    29 |
| 1            |      58 |    29 |
| 2            |      58 |    29 |
| Dataset Size |     174 |    87 |
100%|##############################################################################################################################################################| 5/5 [00:01<00:00,  3.37it/s]
05-25 08:28:30 Train-Loss Source Classifier: 1.0664
05-25 08:28:30 Train-Loss MMD: 0.3659
05-25 08:28:30 Train-Loss L1: 0.0461
05-25 08:28:30 Train-Acc Source Data: 0.4875
100%|#############################################################################################################################################################| 3/3 [00:00<00:00, 558.45it/s]
05-25 08:28:30 Val-Acc Target Data: 0.3311
05-25 08:28:30 The best model epoch 1, val-acc 0.3311
05-25 08:28:30 -----Epoch 2/50-----
05-25 08:28:30 current lr: [0.001, 0.001]
100%|#############################################################################################################################################################| 5/5 [00:00<00:00, 142.87it/s]
05-25 08:28:30 Train-Loss Source Classifier: 0.8606
05-25 08:28:30 Train-Loss MMD: 0.4776
05-25 08:28:30 Train-Loss L1: 0.0367
05-25 08:28:30 Train-Acc Source Data: 0.6562
100%|#############################################################################################################################################################| 3/3 [00:00<00:00, 568.77it/s]
05-25 08:28:30 Val-Acc Target Data: 0.5625
05-25 08:28:30 The best model epoch 2, val-acc 0.5625
05-25 08:28:30 -----Epoch 3/50-----
05-25 08:28:30 current lr: [0.001, 0.001]
100%|#############################################################################################################################################################| 5/5 [00:00<00:00, 146.07it/s]
05-25 08:28:30 Train-Loss Source Classifier: 0.7032
05-25 08:28:30 Train-Loss MMD: 0.4884
05-25 08:28:30 Train-Loss L1: 0.0505
05-25 08:28:30 Train-Acc Source Data: 0.6813
100%|#############################################################################################################################################################| 3/3 [00:00<00:00, 570.03it/s]
05-25 08:28:30 Val-Acc Target Data: 0.5729
05-25 08:28:30 The best model epoch 3, val-acc 0.5729
05-25 08:28:30 -----Epoch 4/50-----
05-25 08:28:30 current lr: [0.001, 0.001]
100%|#############################################################################################################################################################| 5/5 [00:00<00:00, 141.02it/s]
05-25 08:28:30 Train-Loss Source Classifier: 0.5777
05-25 08:28:30 Train-Loss MMD: 0.4292
05-25 08:28:30 Train-Loss L1: 0.0447
05-25 08:28:30 Train-Acc Source Data: 0.7125
100%|#############################################################################################################################################################| 3/3 [00:00<00:00, 574.38it/s]
05-25 08:28:30 Val-Acc Target Data: 0.6042
05-25 08:28:30 The best model epoch 4, val-acc 0.6042
05-25 08:28:30 -----Epoch 5/50-----
05-25 08:28:30 current lr: [0.001, 0.001]
100%|#############################################################################################################################################################| 5/5 [00:00<00:00, 148.43it/s]
05-25 08:28:30 Train-Loss Source Classifier: 0.6946
05-25 08:28:30 Train-Loss MMD: 0.4185
05-25 08:28:30 Train-Loss L1: 0.1003
05-25 08:28:30 Train-Acc Source Data: 0.6375
100%|#############################################################################################################################################################| 3/3 [00:00<00:00, 567.23it/s]
05-25 08:28:30 Val-Acc Target Data: 0.6082
05-25 08:28:30 The best model epoch 5, val-acc 0.6082
05-25 08:28:30 -----Epoch 6/50-----
05-25 08:28:30 current lr: [0.001, 0.001]
100%|#############################################################################################################################################################| 5/5 [00:00<00:00, 150.28it/s]
05-25 08:28:30 Train-Loss Source Classifier: 0.5183
05-25 08:28:30 Train-Loss MMD: 0.3306
05-25 08:28:30 Train-Loss L1: 0.0401
05-25 08:28:30 Train-Acc Source Data: 0.7750
100%|#############################################################################################################################################################| 3/3 [00:00<00:00, 569.36it/s]
05-25 08:28:30 Val-Acc Target Data: 0.6454
05-25 08:28:30 The best model epoch 6, val-acc 0.6454
05-25 08:28:30 -----Epoch 7/50-----
05-25 08:28:30 current lr: [0.001, 0.001]
100%|#############################################################################################################################################################| 5/5 [00:00<00:00, 146.03it/s]
05-25 08:28:30 Train-Loss Source Classifier: 0.4809
05-25 08:28:30 Train-Loss MMD: 0.3246
05-25 08:28:30 Train-Loss L1: 0.0421
05-25 08:28:30 Train-Acc Source Data: 0.7750
100%|#############################################################################################################################################################| 3/3 [00:00<00:00, 571.56it/s]
05-25 08:28:30 Val-Acc Target Data: 0.7029
05-25 08:28:30 The best model epoch 7, val-acc 0.7029
05-25 08:28:30 -----Epoch 8/50-----
05-25 08:28:30 current lr: [0.001, 0.001]
100%|#############################################################################################################################################################| 5/5 [00:00<00:00, 148.11it/s]
05-25 08:28:30 Train-Loss Source Classifier: 0.4793
05-25 08:28:30 Train-Loss MMD: 0.2515
05-25 08:28:30 Train-Loss L1: 0.0427
05-25 08:28:30 Train-Acc Source Data: 0.8000
100%|#############################################################################################################################################################| 3/3 [00:00<00:00, 572.08it/s]
05-25 08:28:30 Val-Acc Target Data: 0.6078
05-25 08:28:30 The best model epoch 7, val-acc 0.7029
05-25 08:28:30 -----Epoch 9/50-----
05-25 08:28:30 current lr: [0.001, 0.001]
100%|#############################################################################################################################################################| 5/5 [00:00<00:00, 136.40it/s]
05-25 08:28:30 Train-Loss Source Classifier: 0.3911
05-25 08:28:30 Train-Loss MMD: 0.2470
05-25 08:28:30 Train-Loss L1: 0.0541
05-25 08:28:30 Train-Acc Source Data: 0.8313
100%|#############################################################################################################################################################| 3/3 [00:00<00:00, 565.80it/s]
05-25 08:28:30 Val-Acc Target Data: 0.5788
05-25 08:28:30 The best model epoch 7, val-acc 0.7029
05-25 08:28:30 -----Epoch 10/50-----
05-25 08:28:30 current lr: [0.001, 0.001]
100%|#############################################################################################################################################################| 5/5 [00:00<00:00, 134.87it/s]
05-25 08:28:30 Train-Loss Source Classifier: 0.4059
05-25 08:28:30 Train-Loss MMD: 0.2286
05-25 08:28:30 Train-Loss L1: 0.0376
05-25 08:28:30 Train-Acc Source Data: 0.8125
100%|#############################################################################################################################################################| 3/3 [00:00<00:00, 568.56it/s]
05-25 08:28:30 Val-Acc Target Data: 0.5521
05-25 08:28:30 The best model epoch 7, val-acc 0.7029
05-25 08:28:30 -----Epoch 11/50-----
05-25 08:28:30 current lr: [0.001, 0.001]
100%|#############################################################################################################################################################| 5/5 [00:00<00:00, 142.18it/s]
05-25 08:28:30 Train-Loss Source Classifier: 0.3516
05-25 08:28:30 Train-Loss MMD: 0.2300
05-25 08:28:30 Train-Loss L1: 0.0518
05-25 08:28:30 Train-Acc Source Data: 0.8750
100%|#############################################################################################################################################################| 3/3 [00:00<00:00, 565.35it/s]
05-25 08:28:30 Val-Acc Target Data: 0.5625
05-25 08:28:30 The best model epoch 7, val-acc 0.7029
05-25 08:28:30 -----Epoch 12/50-----
05-25 08:28:30 current lr: [0.001, 0.001]
100%|#############################################################################################################################################################| 5/5 [00:00<00:00, 146.60it/s]
05-25 08:28:30 Train-Loss Source Classifier: 0.4332
05-25 08:28:30 Train-Loss MMD: 0.2297
05-25 08:28:30 Train-Loss L1: 0.0467
05-25 08:28:30 Train-Acc Source Data: 0.7625
100%|#############################################################################################################################################################| 3/3 [00:00<00:00, 562.14it/s]
05-25 08:28:30 Val-Acc Target Data: 0.5947
05-25 08:28:30 The best model epoch 7, val-acc 0.7029
05-25 08:28:30 -----Epoch 13/50-----
05-25 08:28:30 current lr: [0.001, 0.001]
100%|#############################################################################################################################################################| 5/5 [00:00<00:00, 144.02it/s]
05-25 08:28:30 Train-Loss Source Classifier: 0.3361
05-25 08:28:30 Train-Loss MMD: 0.2042
05-25 08:28:30 Train-Loss L1: 0.0435
05-25 08:28:30 Train-Acc Source Data: 0.8875
100%|#############################################################################################################################################################| 3/3 [00:00<00:00, 573.91it/s]
05-25 08:28:30 Val-Acc Target Data: 0.6091
05-25 08:28:30 The best model epoch 7, val-acc 0.7029
05-25 08:28:30 -----Epoch 14/50-----
05-25 08:28:30 current lr: [0.001, 0.001]
100%|#############################################################################################################################################################| 5/5 [00:00<00:00, 150.58it/s]
05-25 08:28:30 Train-Loss Source Classifier: 0.4134
05-25 08:28:30 Train-Loss MMD: 0.2345
05-25 08:28:30 Train-Loss L1: 0.0260
05-25 08:28:30 Train-Acc Source Data: 0.8438
100%|#############################################################################################################################################################| 3/3 [00:00<00:00, 576.30it/s]
05-25 08:28:30 Val-Acc Target Data: 0.5969
05-25 08:28:30 The best model epoch 7, val-acc 0.7029
05-25 08:28:30 -----Epoch 15/50-----
05-25 08:28:30 current lr: [0.001, 0.001]
100%|#############################################################################################################################################################| 5/5 [00:00<00:00, 145.09it/s]
05-25 08:28:30 Train-Loss Source Classifier: 0.3470
05-25 08:28:30 Train-Loss MMD: 0.2042
05-25 08:28:30 Train-Loss L1: 0.0280
05-25 08:28:30 Train-Acc Source Data: 0.8688
100%|#############################################################################################################################################################| 3/3 [00:00<00:00, 575.69it/s]
05-25 08:28:30 Val-Acc Target Data: 0.5634
05-25 08:28:30 The best model epoch 7, val-acc 0.7029
05-25 08:28:30 -----Epoch 16/50-----
05-25 08:28:30 current lr: [0.001, 0.001]
100%|#############################################################################################################################################################| 5/5 [00:00<00:00, 143.22it/s]
05-25 08:28:30 Train-Loss Source Classifier: 0.2324
05-25 08:28:30 Train-Loss MMD: 0.2371
05-25 08:28:30 Train-Loss L1: 0.0241
05-25 08:28:30 Train-Acc Source Data: 0.9375
100%|#############################################################################################################################################################| 3/3 [00:00<00:00, 578.10it/s]
05-25 08:28:30 Val-Acc Target Data: 0.5100
05-25 08:28:30 The best model epoch 7, val-acc 0.7029
05-25 08:28:30 -----Epoch 17/50-----
05-25 08:28:30 current lr: [0.001, 0.001]
100%|#############################################################################################################################################################| 5/5 [00:00<00:00, 140.94it/s]
05-25 08:28:30 Train-Loss Source Classifier: 0.1984
05-25 08:28:30 Train-Loss MMD: 0.2049
05-25 08:28:30 Train-Loss L1: 0.0286
05-25 08:28:30 Train-Acc Source Data: 0.9375
100%|#############################################################################################################################################################| 3/3 [00:00<00:00, 573.83it/s]
05-25 08:28:30 Val-Acc Target Data: 0.4909
05-25 08:28:30 The best model epoch 7, val-acc 0.7029
05-25 08:28:30 -----Epoch 18/50-----
05-25 08:28:30 current lr: [0.001, 0.001]
100%|#############################################################################################################################################################| 5/5 [00:00<00:00, 133.19it/s]
05-25 08:28:30 Train-Loss Source Classifier: 0.2292
05-25 08:28:30 Train-Loss MMD: 0.2000
05-25 08:28:30 Train-Loss L1: 0.0207
05-25 08:28:30 Train-Acc Source Data: 0.9313
100%|#############################################################################################################################################################| 3/3 [00:00<00:00, 575.46it/s]
05-25 08:28:30 Val-Acc Target Data: 0.5489
05-25 08:28:30 The best model epoch 7, val-acc 0.7029
05-25 08:28:30 -----Epoch 19/50-----
05-25 08:28:30 current lr: [0.001, 0.001]
100%|#############################################################################################################################################################| 5/5 [00:00<00:00, 135.18it/s]
05-25 08:28:30 Train-Loss Source Classifier: 0.1732
05-25 08:28:30 Train-Loss MMD: 0.2104
05-25 08:28:30 Train-Loss L1: 0.0337
05-25 08:28:30 Train-Acc Source Data: 0.9500
100%|#############################################################################################################################################################| 3/3 [00:00<00:00, 579.35it/s]
05-25 08:28:30 Val-Acc Target Data: 0.4995
05-25 08:28:30 The best model epoch 7, val-acc 0.7029
05-25 08:28:30 -----Epoch 20/50-----
05-25 08:28:30 current lr: [0.001, 0.001]
100%|#############################################################################################################################################################| 5/5 [00:00<00:00, 135.20it/s]
05-25 08:28:30 Train-Loss Source Classifier: 0.1695
05-25 08:28:30 Train-Loss MMD: 0.2037
05-25 08:28:30 Train-Loss L1: 0.0262
05-25 08:28:30 Train-Acc Source Data: 0.9563
100%|#############################################################################################################################################################| 3/3 [00:00<00:00, 572.42it/s]
05-25 08:28:30 Val-Acc Target Data: 0.5448
05-25 08:28:30 The best model epoch 7, val-acc 0.7029
05-25 08:28:30 -----Epoch 21/50-----
05-25 08:28:30 current lr: [0.0002, 0.0002]
100%|#############################################################################################################################################################| 5/5 [00:00<00:00, 149.60it/s]
05-25 08:28:30 Train-Loss Source Classifier: 0.2128
05-25 08:28:30 Train-Loss MMD: 0.2194
05-25 08:28:30 Train-Loss L1: 0.0288
05-25 08:28:30 Train-Acc Source Data: 0.9062
100%|#############################################################################################################################################################| 3/3 [00:00<00:00, 578.13it/s]
05-25 08:28:30 Val-Acc Target Data: 0.5159
05-25 08:28:30 The best model epoch 7, val-acc 0.7029
05-25 08:28:30 -----Epoch 22/50-----
05-25 08:28:30 current lr: [0.0002, 0.0002]
100%|#############################################################################################################################################################| 5/5 [00:00<00:00, 136.29it/s]
05-25 08:28:30 Train-Loss Source Classifier: 0.1754
05-25 08:28:30 Train-Loss MMD: 0.2001
05-25 08:28:30 Train-Loss L1: 0.0249
05-25 08:28:30 Train-Acc Source Data: 0.9313
100%|#############################################################################################################################################################| 3/3 [00:00<00:00, 560.64it/s]
05-25 08:28:30 Val-Acc Target Data: 0.4620
05-25 08:28:30 The best model epoch 7, val-acc 0.7029
05-25 08:28:30 -----Epoch 23/50-----
05-25 08:28:30 current lr: [0.0002, 0.0002]
100%|#############################################################################################################################################################| 5/5 [00:00<00:00, 134.15it/s]
05-25 08:28:31 Train-Loss Source Classifier: 0.1142
05-25 08:28:31 Train-Loss MMD: 0.1973
05-25 08:28:31 Train-Loss L1: 0.0219
05-25 08:28:31 Train-Acc Source Data: 0.9688
100%|#############################################################################################################################################################| 3/3 [00:00<00:00, 566.62it/s]
05-25 08:28:31 Val-Acc Target Data: 0.4683
05-25 08:28:31 The best model epoch 7, val-acc 0.7029
05-25 08:28:31 -----Epoch 24/50-----
05-25 08:28:31 current lr: [0.0002, 0.0002]
100%|#############################################################################################################################################################| 5/5 [00:00<00:00, 135.46it/s]
05-25 08:28:31 Train-Loss Source Classifier: 0.1023
05-25 08:28:31 Train-Loss MMD: 0.2057
05-25 08:28:31 Train-Loss L1: 0.0241
05-25 08:28:31 Train-Acc Source Data: 0.9688
100%|#############################################################################################################################################################| 3/3 [00:00<00:00, 565.07it/s]
05-25 08:28:31 Val-Acc Target Data: 0.4620
05-25 08:28:31 The best model epoch 7, val-acc 0.7029
05-25 08:28:31 -----Epoch 25/50-----
05-25 08:28:31 current lr: [0.0002, 0.0002]
100%|#############################################################################################################################################################| 5/5 [00:00<00:00, 137.89it/s]
05-25 08:28:31 Train-Loss Source Classifier: 0.0919
05-25 08:28:31 Train-Loss MMD: 0.2079
05-25 08:28:31 Train-Loss L1: 0.0212
05-25 08:28:31 Train-Acc Source Data: 0.9938
100%|#############################################################################################################################################################| 3/3 [00:00<00:00, 572.91it/s]
05-25 08:28:31 Val-Acc Target Data: 0.4620
05-25 08:28:31 The best model epoch 7, val-acc 0.7029
05-25 08:28:31 -----Epoch 26/50-----
05-25 08:28:31 current lr: [0.0002, 0.0002]
100%|#############################################################################################################################################################| 5/5 [00:00<00:00, 142.90it/s]
05-25 08:28:31 Train-Loss Source Classifier: 0.1279
05-25 08:28:31 Train-Loss MMD: 0.2468
05-25 08:28:31 Train-Loss L1: 0.0192
05-25 08:28:31 Train-Acc Source Data: 0.9437
100%|#############################################################################################################################################################| 3/3 [00:00<00:00, 555.49it/s]
05-25 08:28:31 Val-Acc Target Data: 0.5199
05-25 08:28:31 The best model epoch 7, val-acc 0.7029
05-25 08:28:31 -----Epoch 27/50-----
05-25 08:28:31 current lr: [0.0002, 0.0002]
100%|#############################################################################################################################################################| 5/5 [00:00<00:00, 136.53it/s]
05-25 08:28:31 Train-Loss Source Classifier: 0.0933
05-25 08:28:31 Train-Loss MMD: 0.2171
05-25 08:28:31 Train-Loss L1: 0.0197
05-25 08:28:31 Train-Acc Source Data: 0.9875
100%|#############################################################################################################################################################| 3/3 [00:00<00:00, 559.19it/s]
05-25 08:28:31 Val-Acc Target Data: 0.4805
05-25 08:28:31 The best model epoch 7, val-acc 0.7029
05-25 08:28:31 -----Epoch 28/50-----
05-25 08:28:31 current lr: [0.0002, 0.0002]
100%|#############################################################################################################################################################| 5/5 [00:00<00:00, 130.29it/s]
05-25 08:28:31 Train-Loss Source Classifier: 0.0754
05-25 08:28:31 Train-Loss MMD: 0.1953
05-25 08:28:31 Train-Loss L1: 0.0171
05-25 08:28:31 Train-Acc Source Data: 0.9938
100%|#############################################################################################################################################################| 3/3 [00:00<00:00, 573.18it/s]
05-25 08:28:31 Val-Acc Target Data: 0.4515
05-25 08:28:31 The best model epoch 7, val-acc 0.7029
05-25 08:28:31 -----Epoch 29/50-----
05-25 08:28:31 current lr: [0.0002, 0.0002]
100%|#############################################################################################################################################################| 5/5 [00:00<00:00, 134.93it/s]
05-25 08:28:31 Train-Loss Source Classifier: 0.0805
05-25 08:28:31 Train-Loss MMD: 0.1871
05-25 08:28:31 Train-Loss L1: 0.0190
05-25 08:28:31 Train-Acc Source Data: 0.9875
100%|#############################################################################################################################################################| 3/3 [00:00<00:00, 572.60it/s]
05-25 08:28:31 Val-Acc Target Data: 0.4475
05-25 08:28:31 The best model epoch 7, val-acc 0.7029
05-25 08:28:31 -----Epoch 30/50-----
05-25 08:28:31 current lr: [0.0002, 0.0002]
100%|#############################################################################################################################################################| 5/5 [00:00<00:00, 141.73it/s]
05-25 08:28:31 Train-Loss Source Classifier: 0.0987
05-25 08:28:31 Train-Loss MMD: 0.1872
05-25 08:28:31 Train-Loss L1: 0.0179
05-25 08:28:31 Train-Acc Source Data: 0.9750
100%|#############################################################################################################################################################| 3/3 [00:00<00:00, 564.59it/s]
05-25 08:28:31 Val-Acc Target Data: 0.4475
05-25 08:28:31 The best model epoch 7, val-acc 0.7029
05-25 08:28:31 -----Epoch 31/50-----
05-25 08:28:31 current lr: [0.0002, 0.0002]
100%|#############################################################################################################################################################| 5/5 [00:00<00:00, 145.12it/s]
05-25 08:28:31 Train-Loss Source Classifier: 0.0868
05-25 08:28:31 Train-Loss MMD: 0.1976
05-25 08:28:31 Train-Loss L1: 0.0245
05-25 08:28:31 Train-Acc Source Data: 0.9812
100%|#############################################################################################################################################################| 3/3 [00:00<00:00, 564.86it/s]
05-25 08:28:31 Val-Acc Target Data: 0.4370
05-25 08:28:31 The best model epoch 7, val-acc 0.7029
05-25 08:28:31 -----Epoch 32/50-----
05-25 08:28:31 current lr: [0.0002, 0.0002]
100%|#############################################################################################################################################################| 5/5 [00:00<00:00, 139.65it/s]
05-25 08:28:31 Train-Loss Source Classifier: 0.0851
05-25 08:28:31 Train-Loss MMD: 0.2013
05-25 08:28:31 Train-Loss L1: 0.0226
05-25 08:28:31 Train-Acc Source Data: 0.9875
100%|#############################################################################################################################################################| 3/3 [00:00<00:00, 579.59it/s]
05-25 08:28:31 Val-Acc Target Data: 0.4370
05-25 08:28:31 The best model epoch 7, val-acc 0.7029
05-25 08:28:31 -----Epoch 33/50-----
05-25 08:28:31 current lr: [0.0002, 0.0002]
100%|#############################################################################################################################################################| 5/5 [00:00<00:00, 143.44it/s]
05-25 08:28:31 Train-Loss Source Classifier: 0.0759
05-25 08:28:31 Train-Loss MMD: 0.1910
05-25 08:28:31 Train-Loss L1: 0.0134
05-25 08:28:31 Train-Acc Source Data: 0.9875
100%|#############################################################################################################################################################| 3/3 [00:00<00:00, 561.56it/s]
05-25 08:28:31 Val-Acc Target Data: 0.4515
05-25 08:28:31 The best model epoch 7, val-acc 0.7029
05-25 08:28:31 -----Epoch 34/50-----
05-25 08:28:31 current lr: [0.0002, 0.0002]
100%|#############################################################################################################################################################| 5/5 [00:00<00:00, 137.27it/s]
05-25 08:28:31 Train-Loss Source Classifier: 0.0756
05-25 08:28:31 Train-Loss MMD: 0.2113
05-25 08:28:31 Train-Loss L1: 0.0168
05-25 08:28:31 Train-Acc Source Data: 0.9938
100%|#############################################################################################################################################################| 3/3 [00:00<00:00, 577.99it/s]
05-25 08:28:31 Val-Acc Target Data: 0.4660
05-25 08:28:31 The best model epoch 7, val-acc 0.7029
05-25 08:28:31 -----Epoch 35/50-----
05-25 08:28:31 current lr: [0.0002, 0.0002]
100%|#############################################################################################################################################################| 5/5 [00:00<00:00, 127.47it/s]
05-25 08:28:31 Train-Loss Source Classifier: 0.0882
05-25 08:28:31 Train-Loss MMD: 0.1832
05-25 08:28:31 Train-Loss L1: 0.0156
05-25 08:28:31 Train-Acc Source Data: 0.9812
100%|#############################################################################################################################################################| 3/3 [00:00<00:00, 572.42it/s]
05-25 08:28:31 Val-Acc Target Data: 0.4660
05-25 08:28:31 The best model epoch 7, val-acc 0.7029
05-25 08:28:31 -----Epoch 36/50-----
05-25 08:28:31 current lr: [0.0002, 0.0002]
100%|#############################################################################################################################################################| 5/5 [00:00<00:00, 128.19it/s]
05-25 08:28:31 Train-Loss Source Classifier: 0.0705
05-25 08:28:31 Train-Loss MMD: 0.1856
05-25 08:28:31 Train-Loss L1: 0.0153
05-25 08:28:31 Train-Acc Source Data: 0.9875
100%|#############################################################################################################################################################| 3/3 [00:00<00:00, 568.62it/s]
05-25 08:28:31 Val-Acc Target Data: 0.4805
05-25 08:28:31 The best model epoch 7, val-acc 0.7029
05-25 08:28:31 -----Epoch 37/50-----
05-25 08:28:31 current lr: [0.0002, 0.0002]
100%|#############################################################################################################################################################| 5/5 [00:00<00:00, 135.21it/s]
05-25 08:28:31 Train-Loss Source Classifier: 0.0518
05-25 08:28:31 Train-Loss MMD: 0.1987
05-25 08:28:31 Train-Loss L1: 0.0160
05-25 08:28:31 Train-Acc Source Data: 1.0000
100%|#############################################################################################################################################################| 3/3 [00:00<00:00, 568.23it/s]
05-25 08:28:31 Val-Acc Target Data: 0.4805
05-25 08:28:31 The best model epoch 7, val-acc 0.7029
05-25 08:28:31 -----Epoch 38/50-----
05-25 08:28:31 current lr: [0.0002, 0.0002]
100%|#############################################################################################################################################################| 5/5 [00:00<00:00, 141.90it/s]
05-25 08:28:31 Train-Loss Source Classifier: 0.0576
05-25 08:28:31 Train-Loss MMD: 0.1963
05-25 08:28:31 Train-Loss L1: 0.0147
05-25 08:28:31 Train-Acc Source Data: 0.9938
100%|#############################################################################################################################################################| 3/3 [00:00<00:00, 565.12it/s]
05-25 08:28:31 Val-Acc Target Data: 0.4515
05-25 08:28:31 The best model epoch 7, val-acc 0.7029
05-25 08:28:31 -----Epoch 39/50-----
05-25 08:28:31 current lr: [0.0002, 0.0002]
100%|#############################################################################################################################################################| 5/5 [00:00<00:00, 140.76it/s]
05-25 08:28:31 Train-Loss Source Classifier: 0.0826
05-25 08:28:31 Train-Loss MMD: 0.1846
05-25 08:28:31 Train-Loss L1: 0.0146
05-25 08:28:31 Train-Acc Source Data: 0.9875
100%|#############################################################################################################################################################| 3/3 [00:00<00:00, 570.42it/s]
05-25 08:28:31 Val-Acc Target Data: 0.4515
05-25 08:28:31 The best model epoch 7, val-acc 0.7029
05-25 08:28:31 -----Epoch 40/50-----
05-25 08:28:31 current lr: [0.0002, 0.0002]
100%|#############################################################################################################################################################| 5/5 [00:00<00:00, 140.13it/s]
05-25 08:28:31 Train-Loss Source Classifier: 0.0647
05-25 08:28:31 Train-Loss MMD: 0.1939
05-25 08:28:31 Train-Loss L1: 0.0154
05-25 08:28:31 Train-Acc Source Data: 0.9812
100%|#############################################################################################################################################################| 3/3 [00:00<00:00, 577.86it/s]
05-25 08:28:31 Val-Acc Target Data: 0.4660
05-25 08:28:31 The best model epoch 7, val-acc 0.7029
05-25 08:28:31 -----Epoch 41/50-----
05-25 08:28:31 current lr: [4e-05, 4e-05]
100%|#############################################################################################################################################################| 5/5 [00:00<00:00, 144.25it/s]
05-25 08:28:31 Train-Loss Source Classifier: 0.0515
05-25 08:28:31 Train-Loss MMD: 0.1761
05-25 08:28:31 Train-Loss L1: 0.0151
05-25 08:28:31 Train-Acc Source Data: 0.9938
100%|#############################################################################################################################################################| 3/3 [00:00<00:00, 586.29it/s]
05-25 08:28:31 Val-Acc Target Data: 0.4660
05-25 08:28:31 The best model epoch 7, val-acc 0.7029
05-25 08:28:31 -----Epoch 42/50-----
05-25 08:28:31 current lr: [4e-05, 4e-05]
100%|#############################################################################################################################################################| 5/5 [00:00<00:00, 132.23it/s]
05-25 08:28:31 Train-Loss Source Classifier: 0.0570
05-25 08:28:31 Train-Loss MMD: 0.1882
05-25 08:28:31 Train-Loss L1: 0.0143
05-25 08:28:31 Train-Acc Source Data: 1.0000
100%|#############################################################################################################################################################| 3/3 [00:00<00:00, 581.98it/s]
05-25 08:28:31 Val-Acc Target Data: 0.4805
05-25 08:28:31 The best model epoch 7, val-acc 0.7029
05-25 08:28:31 -----Epoch 43/50-----
05-25 08:28:31 current lr: [4e-05, 4e-05]
100%|#############################################################################################################################################################| 5/5 [00:00<00:00, 144.58it/s]
05-25 08:28:31 Train-Loss Source Classifier: 0.0876
05-25 08:28:31 Train-Loss MMD: 0.1918
05-25 08:28:31 Train-Loss L1: 0.0151
05-25 08:28:31 Train-Acc Source Data: 0.9688
100%|#############################################################################################################################################################| 3/3 [00:00<00:00, 555.22it/s]
05-25 08:28:31 Val-Acc Target Data: 0.4515
05-25 08:28:31 The best model epoch 7, val-acc 0.7029
05-25 08:28:31 -----Epoch 44/50-----
05-25 08:28:31 current lr: [4e-05, 4e-05]
100%|#############################################################################################################################################################| 5/5 [00:00<00:00, 139.82it/s]
05-25 08:28:31 Train-Loss Source Classifier: 0.0505
05-25 08:28:31 Train-Loss MMD: 0.1893
05-25 08:28:31 Train-Loss L1: 0.0148
05-25 08:28:31 Train-Acc Source Data: 0.9938
100%|#############################################################################################################################################################| 3/3 [00:00<00:00, 571.51it/s]
05-25 08:28:31 Val-Acc Target Data: 0.4515
05-25 08:28:31 The best model epoch 7, val-acc 0.7029
05-25 08:28:31 -----Epoch 45/50-----
05-25 08:28:31 current lr: [4e-05, 4e-05]
100%|#############################################################################################################################################################| 5/5 [00:00<00:00, 145.39it/s]
05-25 08:28:31 Train-Loss Source Classifier: 0.0520
05-25 08:28:31 Train-Loss MMD: 0.1856
05-25 08:28:31 Train-Loss L1: 0.0135
05-25 08:28:31 Train-Acc Source Data: 0.9938
100%|#############################################################################################################################################################| 3/3 [00:00<00:00, 571.87it/s]
05-25 08:28:31 Val-Acc Target Data: 0.4515
05-25 08:28:31 The best model epoch 7, val-acc 0.7029
05-25 08:28:31 -----Epoch 46/50-----
05-25 08:28:31 current lr: [4e-05, 4e-05]
100%|#############################################################################################################################################################| 5/5 [00:00<00:00, 146.96it/s]
05-25 08:28:31 Train-Loss Source Classifier: 0.0522
05-25 08:28:31 Train-Loss MMD: 0.1833
05-25 08:28:31 Train-Loss L1: 0.0108
05-25 08:28:32 Train-Acc Source Data: 0.9938
100%|#############################################################################################################################################################| 3/3 [00:00<00:00, 579.11it/s]
05-25 08:28:32 Val-Acc Target Data: 0.4515
05-25 08:28:32 The best model epoch 7, val-acc 0.7029
05-25 08:28:32 -----Epoch 47/50-----
05-25 08:28:32 current lr: [4e-05, 4e-05]
100%|#############################################################################################################################################################| 5/5 [00:00<00:00, 145.80it/s]
05-25 08:28:32 Train-Loss Source Classifier: 0.0502
05-25 08:28:32 Train-Loss MMD: 0.1922
05-25 08:28:32 Train-Loss L1: 0.0158
05-25 08:28:32 Train-Acc Source Data: 0.9938
100%|#############################################################################################################################################################| 3/3 [00:00<00:00, 584.00it/s]
05-25 08:28:32 Val-Acc Target Data: 0.4515
05-25 08:28:32 The best model epoch 7, val-acc 0.7029
05-25 08:28:32 -----Epoch 48/50-----
05-25 08:28:32 current lr: [4e-05, 4e-05]
100%|#############################################################################################################################################################| 5/5 [00:00<00:00, 133.32it/s]
05-25 08:28:32 Train-Loss Source Classifier: 0.0450
05-25 08:28:32 Train-Loss MMD: 0.1915
05-25 08:28:32 Train-Loss L1: 0.0117
05-25 08:28:32 Train-Acc Source Data: 1.0000
100%|#############################################################################################################################################################| 3/3 [00:00<00:00, 582.25it/s]
05-25 08:28:32 Val-Acc Target Data: 0.4515
05-25 08:28:32 The best model epoch 7, val-acc 0.7029
05-25 08:28:32 -----Epoch 49/50-----
05-25 08:28:32 current lr: [4e-05, 4e-05]
100%|#############################################################################################################################################################| 5/5 [00:00<00:00, 144.50it/s]
05-25 08:28:32 Train-Loss Source Classifier: 0.0471
05-25 08:28:32 Train-Loss MMD: 0.1937
05-25 08:28:32 Train-Loss L1: 0.0119
05-25 08:28:32 Train-Acc Source Data: 1.0000
100%|#############################################################################################################################################################| 3/3 [00:00<00:00, 574.12it/s]
05-25 08:28:32 Val-Acc Target Data: 0.4515
05-25 08:28:32 The best model epoch 7, val-acc 0.7029
05-25 08:28:32 -----Epoch 50/50-----
05-25 08:28:32 current lr: [4e-05, 4e-05]
100%|#############################################################################################################################################################| 5/5 [00:00<00:00, 140.44it/s]
05-25 08:28:32 Train-Loss Source Classifier: 0.0470
05-25 08:28:32 Train-Loss MMD: 0.1964
05-25 08:28:32 Train-Loss L1: 0.0113
05-25 08:28:32 Train-Acc Source Data: 0.9938
100%|#############################################################################################################################################################| 3/3 [00:00<00:00, 570.71it/s]
05-25 08:28:32 Val-Acc Target Data: 0.4515
05-25 08:28:32 The best model epoch 7, val-acc 0.7029
100%|#############################################################################################################################################################| 5/5 [00:00<00:00, 144.58it/s]