05-25 08:26:29 model_name: MFSAN
05-25 08:26:29 Domain: exp
05-25 08:26:29 source: CWRU_0,CWRU_2
05-25 08:26:29 target: JNU_2
05-25 08:26:29 data_dir: ../burning_event/dataset
05-25 08:26:29 train_mode: multi_source
05-25 08:26:29 cuda_device: 0
05-25 08:26:29 save_dir: ./ckpt
05-25 08:26:29 max_epoch: 50
05-25 08:26:29 batch_size: 32
05-25 08:26:29 num_workers: 0
05-25 08:26:29 signal_size: 2048
05-25 08:26:29 random_state: 1025
05-25 08:26:29 project: experiment
05-25 08:26:29 fac: 0
05-25 08:26:29 adv: 1
05-25 08:26:29 recon: 0
05-25 08:26:29 iet: 0
05-25 08:26:29 normlizetype: mean-std
05-25 08:26:29 opt: adam
05-25 08:26:29 lr: 0.001
05-25 08:26:29 momentum: 0.9
05-25 08:26:29 betas: (0.9, 0.999)
05-25 08:26:29 weight_decay: 0.001
05-25 08:26:29 lr_scheduler: stepLR
05-25 08:26:29 gamma: 0.2
05-25 08:26:29 steps: 20
05-25 08:26:29 tradeoff: ['exp', 'exp', 'exp']
05-25 08:26:29 dropout: 0.2
05-25 08:26:29 save: False
05-25 08:26:29 load_path:
05-25 08:26:29 tsne: False
05-25 08:26:29 save_path: ./ckpt/MFSAN/multi_source/[CWRU_0CWRU_2]To[JNU_2]_0525-082629
05-25 08:26:29 Detect 3 classes: ['inner', 'normal', 'outer']
05-25 08:26:30 using 1 / 2 gpus
05-25 08:26:31 Source set CWRU_0 number of samples 177.
05-25 08:26:31 Source set CWRU_2 number of samples 177.
Loading source: CWRU, Condition: 0
Source Data Distribution:
+--------------+---------+
| Label        |   Count |
|--------------+---------|
| 0            |      59 |
| 1            |      59 |
| 2            |      59 |
| Dataset Size |     177 |
+--------------+---------+
Loading source: CWRU, Condition: 2
Source Data Distribution:
+--------------+---------+
| Label        |   Count |
|--------------+---------|
| 0            |      59 |
| 1            |      59 |
| 2            |      59 |
| Dataset Size |     177 |
+--------------+---------+
Setting up target: JNU, Condition: 2
05-25 08:26:33 target training set number of samples 729.
05-25 08:26:33 target validation set number of samples 366.
05-25 08:26:33 -----Epoch 1/50-----
05-25 08:26:33 current lr: [0.001, 0.001]
  0%|                                                                                                                                                                     | 0/22 [00:00<?, ?it/s]
Target Data Distribution:
+--------------+---------+-------+
|              |   train |   val |
|--------------+---------+-------|
| 0            |     243 |   122 |
| 1            |     243 |   122 |
| 2            |     243 |   122 |
| Dataset Size |     729 |   366 |
100%|############################################################################################################################################################| 22/22 [00:01<00:00, 15.32it/s]
05-25 08:26:35 Train-Loss Source Classifier: 0.6083
05-25 08:26:35 Train-Loss MMD: 0.5024
05-25 08:26:35 Train-Loss L1: 0.0622
05-25 08:26:35 Train-Acc Source Data: 0.7372
100%|###########################################################################################################################################################| 12/12 [00:00<00:00, 578.11it/s]
05-25 08:26:35 Val-Acc Target Data: 0.4494
05-25 08:26:35 The best model epoch 1, val-acc 0.4494
05-25 08:26:35 -----Epoch 2/50-----
05-25 08:26:35 current lr: [0.001, 0.001]
100%|###########################################################################################################################################################| 22/22 [00:00<00:00, 144.31it/s]
05-25 08:26:35 Train-Loss Source Classifier: 0.0290
05-25 08:26:35 Train-Loss MMD: 0.5280
05-25 08:26:35 Train-Loss L1: 0.0434
05-25 08:26:35 Train-Acc Source Data: 0.9972
100%|###########################################################################################################################################################| 12/12 [00:00<00:00, 581.77it/s]
05-25 08:26:35 Val-Acc Target Data: 0.5238
05-25 08:26:35 The best model epoch 2, val-acc 0.5238
05-25 08:26:35 -----Epoch 3/50-----
05-25 08:26:35 current lr: [0.001, 0.001]
100%|###########################################################################################################################################################| 22/22 [00:00<00:00, 133.86it/s]
05-25 08:26:35 Train-Loss Source Classifier: 0.0049
05-25 08:26:35 Train-Loss MMD: 0.3421
05-25 08:26:35 Train-Loss L1: 0.0447
05-25 08:26:35 Train-Acc Source Data: 1.0000
100%|###########################################################################################################################################################| 12/12 [00:00<00:00, 561.69it/s]
05-25 08:26:35 Val-Acc Target Data: 0.6682
05-25 08:26:35 The best model epoch 3, val-acc 0.6682
05-25 08:26:35 -----Epoch 4/50-----
05-25 08:26:35 current lr: [0.001, 0.001]
100%|###########################################################################################################################################################| 22/22 [00:00<00:00, 143.34it/s]
05-25 08:26:35 Train-Loss Source Classifier: 0.0044
05-25 08:26:35 Train-Loss MMD: 0.2668
05-25 08:26:35 Train-Loss L1: 0.0338
05-25 08:26:35 Train-Acc Source Data: 1.0000
100%|###########################################################################################################################################################| 12/12 [00:00<00:00, 566.54it/s]
05-25 08:26:35 Val-Acc Target Data: 0.7284
05-25 08:26:35 The best model epoch 4, val-acc 0.7284
05-25 08:26:35 -----Epoch 5/50-----
05-25 08:26:35 current lr: [0.001, 0.001]
100%|###########################################################################################################################################################| 22/22 [00:00<00:00, 147.17it/s]
05-25 08:26:35 Train-Loss Source Classifier: 0.0050
05-25 08:26:35 Train-Loss MMD: 0.2272
05-25 08:26:35 Train-Loss L1: 0.0188
05-25 08:26:35 Train-Acc Source Data: 1.0000
100%|###########################################################################################################################################################| 12/12 [00:00<00:00, 584.46it/s]
05-25 08:26:35 Val-Acc Target Data: 0.6901
05-25 08:26:35 The best model epoch 4, val-acc 0.7284
05-25 08:26:35 -----Epoch 6/50-----
05-25 08:26:35 current lr: [0.001, 0.001]
100%|###########################################################################################################################################################| 22/22 [00:00<00:00, 144.03it/s]
05-25 08:26:36 Train-Loss Source Classifier: 0.0044
05-25 08:26:36 Train-Loss MMD: 0.2132
05-25 08:26:36 Train-Loss L1: 0.0151
05-25 08:26:36 Train-Acc Source Data: 1.0000
100%|###########################################################################################################################################################| 12/12 [00:00<00:00, 583.45it/s]
05-25 08:26:36 Val-Acc Target Data: 0.6875
05-25 08:26:36 The best model epoch 4, val-acc 0.7284
05-25 08:26:36 -----Epoch 7/50-----
05-25 08:26:36 current lr: [0.001, 0.001]
100%|###########################################################################################################################################################| 22/22 [00:00<00:00, 147.11it/s]
05-25 08:26:36 Train-Loss Source Classifier: 0.0051
05-25 08:26:36 Train-Loss MMD: 0.2104
05-25 08:26:36 Train-Loss L1: 0.0104
05-25 08:26:36 Train-Acc Source Data: 1.0000
100%|###########################################################################################################################################################| 12/12 [00:00<00:00, 578.11it/s]
05-25 08:26:36 Val-Acc Target Data: 0.7083
05-25 08:26:36 The best model epoch 4, val-acc 0.7284
05-25 08:26:36 -----Epoch 8/50-----
05-25 08:26:36 current lr: [0.001, 0.001]
100%|###########################################################################################################################################################| 22/22 [00:00<00:00, 129.89it/s]
05-25 08:26:36 Train-Loss Source Classifier: 0.0040
05-25 08:26:36 Train-Loss MMD: 0.2098
05-25 08:26:36 Train-Loss L1: 0.0109
05-25 08:26:36 Train-Acc Source Data: 1.0000
100%|###########################################################################################################################################################| 12/12 [00:00<00:00, 584.67it/s]
05-25 08:26:36 Val-Acc Target Data: 0.6979
05-25 08:26:36 The best model epoch 4, val-acc 0.7284
05-25 08:26:36 -----Epoch 9/50-----
05-25 08:26:36 current lr: [0.001, 0.001]
100%|###########################################################################################################################################################| 22/22 [00:00<00:00, 134.16it/s]
05-25 08:26:36 Train-Loss Source Classifier: 0.0052
05-25 08:26:36 Train-Loss MMD: 0.2028
05-25 08:26:36 Train-Loss L1: 0.0105
05-25 08:26:36 Train-Acc Source Data: 1.0000
100%|###########################################################################################################################################################| 12/12 [00:00<00:00, 546.80it/s]
05-25 08:26:36 Val-Acc Target Data: 0.7031
05-25 08:26:36 The best model epoch 4, val-acc 0.7284
05-25 08:26:36 -----Epoch 10/50-----
05-25 08:26:36 current lr: [0.001, 0.001]
100%|###########################################################################################################################################################| 22/22 [00:00<00:00, 140.40it/s]
05-25 08:26:36 Train-Loss Source Classifier: 0.0049
05-25 08:26:36 Train-Loss MMD: 0.2224
05-25 08:26:36 Train-Loss L1: 0.0124
05-25 08:26:36 Train-Acc Source Data: 1.0000
100%|###########################################################################################################################################################| 12/12 [00:00<00:00, 578.25it/s]
05-25 08:26:36 Val-Acc Target Data: 0.7474
05-25 08:26:36 The best model epoch 10, val-acc 0.7474
05-25 08:26:36 -----Epoch 11/50-----
05-25 08:26:36 current lr: [0.001, 0.001]
100%|###########################################################################################################################################################| 22/22 [00:00<00:00, 143.49it/s]
05-25 08:26:36 Train-Loss Source Classifier: 0.0098
05-25 08:26:36 Train-Loss MMD: 0.2010
05-25 08:26:36 Train-Loss L1: 0.0117
05-25 08:26:36 Train-Acc Source Data: 1.0000
100%|###########################################################################################################################################################| 12/12 [00:00<00:00, 585.83it/s]
05-25 08:26:36 Val-Acc Target Data: 0.7526
05-25 08:26:36 The best model epoch 11, val-acc 0.7526
05-25 08:26:36 -----Epoch 12/50-----
05-25 08:26:36 current lr: [0.001, 0.001]
100%|###########################################################################################################################################################| 22/22 [00:00<00:00, 143.82it/s]
05-25 08:26:37 Train-Loss Source Classifier: 0.0063
05-25 08:26:37 Train-Loss MMD: 0.2183
05-25 08:26:37 Train-Loss L1: 0.0166
05-25 08:26:37 Train-Acc Source Data: 1.0000
100%|###########################################################################################################################################################| 12/12 [00:00<00:00, 583.21it/s]
05-25 08:26:37 Val-Acc Target Data: 0.7500
05-25 08:26:37 The best model epoch 11, val-acc 0.7526
05-25 08:26:37 -----Epoch 13/50-----
05-25 08:26:37 current lr: [0.001, 0.001]
100%|###########################################################################################################################################################| 22/22 [00:00<00:00, 144.32it/s]
05-25 08:26:37 Train-Loss Source Classifier: 0.0097
05-25 08:26:37 Train-Loss MMD: 0.2298
05-25 08:26:37 Train-Loss L1: 0.0158
05-25 08:26:37 Train-Acc Source Data: 1.0000
100%|###########################################################################################################################################################| 12/12 [00:00<00:00, 582.82it/s]
05-25 08:26:37 Val-Acc Target Data: 0.7891
05-25 08:26:37 The best model epoch 13, val-acc 0.7891
05-25 08:26:37 -----Epoch 14/50-----
05-25 08:26:37 current lr: [0.001, 0.001]
100%|###########################################################################################################################################################| 22/22 [00:00<00:00, 141.28it/s]
05-25 08:26:37 Train-Loss Source Classifier: 0.0118
05-25 08:26:37 Train-Loss MMD: 0.2272
05-25 08:26:37 Train-Loss L1: 0.0173
05-25 08:26:37 Train-Acc Source Data: 1.0000
100%|###########################################################################################################################################################| 12/12 [00:00<00:00, 584.65it/s]
05-25 08:26:37 Val-Acc Target Data: 0.7526
05-25 08:26:37 The best model epoch 13, val-acc 0.7891
05-25 08:26:37 -----Epoch 15/50-----
05-25 08:26:37 current lr: [0.001, 0.001]
100%|###########################################################################################################################################################| 22/22 [00:00<00:00, 145.70it/s]
05-25 08:26:37 Train-Loss Source Classifier: 0.0149
05-25 08:26:37 Train-Loss MMD: 0.2378
05-25 08:26:37 Train-Loss L1: 0.0136
05-25 08:26:37 Train-Acc Source Data: 1.0000
100%|###########################################################################################################################################################| 12/12 [00:00<00:00, 586.29it/s]
05-25 08:26:37 Val-Acc Target Data: 0.8542
05-25 08:26:37 The best model epoch 15, val-acc 0.8542
05-25 08:26:37 -----Epoch 16/50-----
05-25 08:26:37 current lr: [0.001, 0.001]
100%|###########################################################################################################################################################| 22/22 [00:00<00:00, 139.92it/s]
05-25 08:26:37 Train-Loss Source Classifier: 0.0128
05-25 08:26:37 Train-Loss MMD: 0.2423
05-25 08:26:37 Train-Loss L1: 0.0132
05-25 08:26:37 Train-Acc Source Data: 1.0000
100%|###########################################################################################################################################################| 12/12 [00:00<00:00, 585.29it/s]
05-25 08:26:37 Val-Acc Target Data: 0.8255
05-25 08:26:37 The best model epoch 15, val-acc 0.8542
05-25 08:26:37 -----Epoch 17/50-----
05-25 08:26:37 current lr: [0.001, 0.001]
100%|###########################################################################################################################################################| 22/22 [00:00<00:00, 143.18it/s]
05-25 08:26:38 Train-Loss Source Classifier: 0.0159
05-25 08:26:38 Train-Loss MMD: 0.2118
05-25 08:26:38 Train-Loss L1: 0.0120
05-25 08:26:38 Train-Acc Source Data: 1.0000
100%|###########################################################################################################################################################| 12/12 [00:00<00:00, 584.16it/s]
05-25 08:26:38 Val-Acc Target Data: 0.8620
05-25 08:26:38 The best model epoch 17, val-acc 0.8620
05-25 08:26:38 -----Epoch 18/50-----
05-25 08:26:38 current lr: [0.001, 0.001]
100%|###########################################################################################################################################################| 22/22 [00:00<00:00, 142.98it/s]
05-25 08:26:38 Train-Loss Source Classifier: 0.0159
05-25 08:26:38 Train-Loss MMD: 0.2044
05-25 08:26:38 Train-Loss L1: 0.0110
05-25 08:26:38 Train-Acc Source Data: 1.0000
100%|###########################################################################################################################################################| 12/12 [00:00<00:00, 584.22it/s]
05-25 08:26:38 Val-Acc Target Data: 0.8750
05-25 08:26:38 The best model epoch 18, val-acc 0.8750
05-25 08:26:38 -----Epoch 19/50-----
05-25 08:26:38 current lr: [0.001, 0.001]
100%|###########################################################################################################################################################| 22/22 [00:00<00:00, 144.00it/s]
05-25 08:26:38 Train-Loss Source Classifier: 0.0195
05-25 08:26:38 Train-Loss MMD: 0.2216
05-25 08:26:38 Train-Loss L1: 0.0105
05-25 08:26:38 Train-Acc Source Data: 1.0000
100%|###########################################################################################################################################################| 12/12 [00:00<00:00, 586.25it/s]
05-25 08:26:38 Val-Acc Target Data: 0.8516
05-25 08:26:38 The best model epoch 18, val-acc 0.8750
05-25 08:26:38 -----Epoch 20/50-----
05-25 08:26:38 current lr: [0.001, 0.001]
100%|###########################################################################################################################################################| 22/22 [00:00<00:00, 147.97it/s]
05-25 08:26:38 Train-Loss Source Classifier: 0.0189
05-25 08:26:38 Train-Loss MMD: 0.2144
05-25 08:26:38 Train-Loss L1: 0.0104
05-25 08:26:38 Train-Acc Source Data: 1.0000
100%|###########################################################################################################################################################| 12/12 [00:00<00:00, 581.18it/s]
05-25 08:26:38 Val-Acc Target Data: 0.8802
05-25 08:26:38 The best model epoch 20, val-acc 0.8802
05-25 08:26:38 -----Epoch 21/50-----
05-25 08:26:38 current lr: [0.0002, 0.0002]
100%|###########################################################################################################################################################| 22/22 [00:00<00:00, 144.19it/s]
05-25 08:26:38 Train-Loss Source Classifier: 0.0202
05-25 08:26:38 Train-Loss MMD: 0.2100
05-25 08:26:38 Train-Loss L1: 0.0095
05-25 08:26:38 Train-Acc Source Data: 1.0000
100%|###########################################################################################################################################################| 12/12 [00:00<00:00, 561.13it/s]
05-25 08:26:38 Val-Acc Target Data: 0.8672
05-25 08:26:38 The best model epoch 20, val-acc 0.8802
05-25 08:26:38 -----Epoch 22/50-----
05-25 08:26:38 current lr: [0.0002, 0.0002]
100%|###########################################################################################################################################################| 22/22 [00:00<00:00, 140.72it/s]
05-25 08:26:38 Train-Loss Source Classifier: 0.0206
05-25 08:26:38 Train-Loss MMD: 0.2029
05-25 08:26:38 Train-Loss L1: 0.0080
05-25 08:26:38 Train-Acc Source Data: 1.0000
100%|###########################################################################################################################################################| 12/12 [00:00<00:00, 578.22it/s]
05-25 08:26:38 Val-Acc Target Data: 0.8776
05-25 08:26:38 The best model epoch 20, val-acc 0.8802
05-25 08:26:38 -----Epoch 23/50-----
05-25 08:26:38 current lr: [0.0002, 0.0002]
05-25 08:26:41 Train-Acc Source Data: 1.0000####################################################################################################################| 22/22 [00:00<00:00, 136.71it/s]
05-25 08:26:39 Train-Loss Source Classifier: 0.0261
05-25 08:26:39 Train-Loss MMD: 0.1913
05-25 08:26:39 Train-Loss L1: 0.0086
05-25 08:26:39 Train-Acc Source Data: 1.0000
100%|###########################################################################################################################################################| 12/12 [00:00<00:00, 579.80it/s]
05-25 08:26:39 Val-Acc Target Data: 0.8802
05-25 08:26:39 The best model epoch 23, val-acc 0.8802
05-25 08:26:39 -----Epoch 24/50-----
05-25 08:26:39 current lr: [0.0002, 0.0002]
100%|###########################################################################################################################################################| 22/22 [00:00<00:00, 136.73it/s]
05-25 08:26:39 Train-Loss Source Classifier: 0.0206
05-25 08:26:39 Train-Loss MMD: 0.2003
05-25 08:26:39 Train-Loss L1: 0.0094
05-25 08:26:39 Train-Acc Source Data: 1.0000
100%|###########################################################################################################################################################| 12/12 [00:00<00:00, 531.22it/s]
05-25 08:26:39 Val-Acc Target Data: 0.8906
05-25 08:26:39 The best model epoch 24, val-acc 0.8906
05-25 08:26:39 -----Epoch 25/50-----
05-25 08:26:39 current lr: [0.0002, 0.0002]
100%|###########################################################################################################################################################| 22/22 [00:00<00:00, 145.43it/s]
05-25 08:26:39 Train-Loss Source Classifier: 0.0213
05-25 08:26:39 Train-Loss MMD: 0.1964
05-25 08:26:39 Train-Loss L1: 0.0091
05-25 08:26:39 Train-Acc Source Data: 1.0000
100%|###########################################################################################################################################################| 12/12 [00:00<00:00, 583.37it/s]
05-25 08:26:39 Val-Acc Target Data: 0.8750
05-25 08:26:39 The best model epoch 24, val-acc 0.8906
05-25 08:26:39 -----Epoch 26/50-----
05-25 08:26:39 current lr: [0.0002, 0.0002]
100%|###########################################################################################################################################################| 22/22 [00:00<00:00, 149.15it/s]
05-25 08:26:39 Train-Loss Source Classifier: 0.0232
05-25 08:26:39 Train-Loss MMD: 0.1876
05-25 08:26:39 Train-Loss L1: 0.0091
05-25 08:26:39 Train-Acc Source Data: 1.0000
100%|###########################################################################################################################################################| 12/12 [00:00<00:00, 585.96it/s]
05-25 08:26:39 Val-Acc Target Data: 0.8880
05-25 08:26:39 The best model epoch 24, val-acc 0.8906
05-25 08:26:39 -----Epoch 27/50-----
05-25 08:26:39 current lr: [0.0002, 0.0002]
100%|###########################################################################################################################################################| 22/22 [00:00<00:00, 140.56it/s]
05-25 08:26:39 Train-Loss Source Classifier: 0.0256
05-25 08:26:39 Train-Loss MMD: 0.1848
05-25 08:26:39 Train-Loss L1: 0.0088
05-25 08:26:39 Train-Acc Source Data: 1.0000
100%|###########################################################################################################################################################| 12/12 [00:00<00:00, 582.91it/s]
05-25 08:26:39 Val-Acc Target Data: 0.8854
05-25 08:26:39 The best model epoch 24, val-acc 0.8906
05-25 08:26:39 -----Epoch 28/50-----
05-25 08:26:39 current lr: [0.0002, 0.0002]
100%|###########################################################################################################################################################| 22/22 [00:00<00:00, 141.30it/s]
05-25 08:26:39 Train-Loss Source Classifier: 0.0267
05-25 08:26:39 Train-Loss MMD: 0.1908
05-25 08:26:39 Train-Loss L1: 0.0090
05-25 08:26:39 Train-Acc Source Data: 1.0000
100%|###########################################################################################################################################################| 12/12 [00:00<00:00, 585.63it/s]
05-25 08:26:40 Val-Acc Target Data: 0.8880
05-25 08:26:40 The best model epoch 24, val-acc 0.8906
05-25 08:26:40 -----Epoch 29/50-----
05-25 08:26:40 current lr: [0.0002, 0.0002]
100%|###########################################################################################################################################################| 22/22 [00:00<00:00, 145.00it/s]
05-25 08:26:40 Train-Loss Source Classifier: 0.0248
05-25 08:26:40 Train-Loss MMD: 0.1830
05-25 08:26:40 Train-Loss L1: 0.0082
05-25 08:26:40 Train-Acc Source Data: 1.0000
100%|###########################################################################################################################################################| 12/12 [00:00<00:00, 581.75it/s]
05-25 08:26:40 Val-Acc Target Data: 0.8854
05-25 08:26:40 The best model epoch 24, val-acc 0.8906
05-25 08:26:40 -----Epoch 30/50-----
05-25 08:26:40 current lr: [0.0002, 0.0002]
100%|###########################################################################################################################################################| 22/22 [00:00<00:00, 143.02it/s]
05-25 08:26:40 Train-Loss Source Classifier: 0.0261
05-25 08:26:40 Train-Loss MMD: 0.1893
05-25 08:26:40 Train-Loss L1: 0.0088
05-25 08:26:40 Train-Acc Source Data: 1.0000
100%|###########################################################################################################################################################| 12/12 [00:00<00:00, 580.97it/s]
05-25 08:26:40 Val-Acc Target Data: 0.8880
05-25 08:26:40 The best model epoch 24, val-acc 0.8906
05-25 08:26:40 -----Epoch 31/50-----
05-25 08:26:40 current lr: [0.0002, 0.0002]
100%|###########################################################################################################################################################| 22/22 [00:00<00:00, 144.16it/s]
05-25 08:26:40 Train-Loss Source Classifier: 0.0271
05-25 08:26:40 Train-Loss MMD: 0.2159
05-25 08:26:40 Train-Loss L1: 0.0079
05-25 08:26:40 Train-Acc Source Data: 1.0000
100%|###########################################################################################################################################################| 12/12 [00:00<00:00, 585.29it/s]
05-25 08:26:40 Val-Acc Target Data: 0.8854
05-25 08:26:40 The best model epoch 24, val-acc 0.8906
05-25 08:26:40 -----Epoch 32/50-----
05-25 08:26:40 current lr: [0.0002, 0.0002]
100%|###########################################################################################################################################################| 22/22 [00:00<00:00, 141.16it/s]
05-25 08:26:40 Train-Loss Source Classifier: 0.0243
05-25 08:26:40 Train-Loss MMD: 0.1827
05-25 08:26:40 Train-Loss L1: 0.0086
05-25 08:26:40 Train-Acc Source Data: 1.0000
100%|###########################################################################################################################################################| 12/12 [00:00<00:00, 507.79it/s]
05-25 08:26:40 Val-Acc Target Data: 0.8854
05-25 08:26:40 The best model epoch 24, val-acc 0.8906
05-25 08:26:40 -----Epoch 33/50-----
05-25 08:26:40 current lr: [0.0002, 0.0002]
100%|###########################################################################################################################################################| 22/22 [00:00<00:00, 142.36it/s]
05-25 08:26:40 Train-Loss Source Classifier: 0.0294
05-25 08:26:40 Train-Loss MMD: 0.1957
05-25 08:26:40 Train-Loss L1: 0.0093
05-25 08:26:40 Train-Acc Source Data: 1.0000
100%|###########################################################################################################################################################| 12/12 [00:00<00:00, 585.76it/s]
05-25 08:26:40 Val-Acc Target Data: 0.8932
05-25 08:26:40 The best model epoch 33, val-acc 0.8932
05-25 08:26:40 -----Epoch 34/50-----
05-25 08:26:40 current lr: [0.0002, 0.0002]
100%|###########################################################################################################################################################| 22/22 [00:00<00:00, 145.12it/s]
05-25 08:26:41 Train-Loss Source Classifier: 0.0268
05-25 08:26:41 Train-Loss MMD: 0.1927
05-25 08:26:41 Train-Loss L1: 0.0091
05-25 08:26:41 Train-Acc Source Data: 1.0000####################################################################################################################| 22/22 [00:00<00:00, 136.71it/s]
100%|###########################################################################################################################################################| 12/12 [00:00<00:00, 582.06it/s]
05-25 08:26:41 Val-Acc Target Data: 0.8854
05-25 08:26:41 The best model epoch 33, val-acc 0.8932
05-25 08:26:41 -----Epoch 35/50-----
05-25 08:26:41 current lr: [0.0002, 0.0002]
100%|###########################################################################################################################################################| 22/22 [00:00<00:00, 145.18it/s]
05-25 08:26:41 Train-Loss Source Classifier: 0.0277
05-25 08:26:41 Train-Loss MMD: 0.1791
05-25 08:26:41 Train-Loss L1: 0.0086
05-25 08:26:41 Train-Acc Source Data: 1.0000
100%|###########################################################################################################################################################| 12/12 [00:00<00:00, 582.35it/s]
05-25 08:26:41 Val-Acc Target Data: 0.8880
05-25 08:26:41 The best model epoch 33, val-acc 0.8932
05-25 08:26:41 -----Epoch 36/50-----
05-25 08:26:41 current lr: [0.0002, 0.0002]
100%|###########################################################################################################################################################| 22/22 [00:00<00:00, 140.49it/s]
05-25 08:26:41 Train-Loss Source Classifier: 0.0315
05-25 08:26:41 Train-Loss MMD: 0.1931
05-25 08:26:41 Train-Loss L1: 0.0088
05-25 08:26:41 Train-Acc Source Data: 1.0000
100%|###########################################################################################################################################################| 12/12 [00:00<00:00, 584.41it/s]
05-25 08:26:41 Val-Acc Target Data: 0.8906
05-25 08:26:41 The best model epoch 33, val-acc 0.8932
05-25 08:26:41 -----Epoch 37/50-----
05-25 08:26:41 current lr: [0.0002, 0.0002]
100%|###########################################################################################################################################################| 22/22 [00:00<00:00, 140.56it/s]
05-25 08:26:41 Train-Loss Source Classifier: 0.0307
05-25 08:26:41 Train-Loss MMD: 0.2077
05-25 08:26:41 Train-Loss L1: 0.0091
05-25 08:26:41 Train-Acc Source Data: 1.0000
100%|###########################################################################################################################################################| 12/12 [00:00<00:00, 568.37it/s]
05-25 08:26:41 Val-Acc Target Data: 0.8854
05-25 08:26:41 The best model epoch 33, val-acc 0.8932
05-25 08:26:41 -----Epoch 38/50-----
05-25 08:26:41 current lr: [0.0002, 0.0002]
100%|###########################################################################################################################################################| 22/22 [00:00<00:00, 141.21it/s]
05-25 08:26:41 Train-Loss Source Classifier: 0.0309
05-25 08:26:41 Train-Loss MMD: 0.2051
05-25 08:26:41 Train-Loss L1: 0.0090
05-25 08:26:41 Train-Acc Source Data: 1.0000
100%|###########################################################################################################################################################| 12/12 [00:00<00:00, 581.75it/s]
05-25 08:26:41 Val-Acc Target Data: 0.8828
05-25 08:26:41 The best model epoch 33, val-acc 0.8932
05-25 08:26:41 -----Epoch 39/50-----
05-25 08:26:41 current lr: [0.0002, 0.0002]
100%|###########################################################################################################################################################| 22/22 [00:00<00:00, 149.11it/s]
05-25 08:26:41 Train-Loss Source Classifier: 0.0312
05-25 08:26:41 Train-Loss MMD: 0.2018
05-25 08:26:41 Train-Loss L1: 0.0088
05-25 08:26:41 Train-Acc Source Data: 1.0000
100%|###########################################################################################################################################################| 12/12 [00:00<00:00, 581.45it/s]
05-25 08:26:41 Val-Acc Target Data: 0.8828
05-25 08:26:41 The best model epoch 33, val-acc 0.8932
05-25 08:26:41 -----Epoch 40/50-----
05-25 08:26:41 current lr: [0.0002, 0.0002]
100%|###########################################################################################################################################################| 22/22 [00:00<00:00, 143.57it/s]
05-25 08:26:42 Train-Loss Source Classifier: 0.0277
05-25 08:26:42 Train-Loss MMD: 0.1878
05-25 08:26:42 Train-Loss L1: 0.0080
05-25 08:26:42 Train-Acc Source Data: 1.0000
100%|###########################################################################################################################################################| 12/12 [00:00<00:00, 580.32it/s]
05-25 08:26:42 Val-Acc Target Data: 0.8958
05-25 08:26:42 The best model epoch 40, val-acc 0.8958
05-25 08:26:42 -----Epoch 41/50-----
05-25 08:26:42 current lr: [4e-05, 4e-05]
100%|###########################################################################################################################################################| 22/22 [00:00<00:00, 149.14it/s]
05-25 08:26:42 Train-Loss Source Classifier: 0.0298
05-25 08:26:42 Train-Loss MMD: 0.1735
05-25 08:26:42 Train-Loss L1: 0.0090
05-25 08:26:42 Train-Acc Source Data: 1.0000
100%|###########################################################################################################################################################| 12/12 [00:00<00:00, 582.72it/s]
05-25 08:26:42 Val-Acc Target Data: 0.8932
05-25 08:26:42 The best model epoch 40, val-acc 0.8958
05-25 08:26:42 -----Epoch 42/50-----
05-25 08:26:42 current lr: [4e-05, 4e-05]
100%|###########################################################################################################################################################| 22/22 [00:00<00:00, 146.12it/s]
05-25 08:26:42 Train-Loss Source Classifier: 0.0279
05-25 08:26:42 Train-Loss MMD: 0.1871
05-25 08:26:42 Train-Loss L1: 0.0094
05-25 08:26:42 Train-Acc Source Data: 1.0000
100%|###########################################################################################################################################################| 12/12 [00:00<00:00, 576.62it/s]
05-25 08:26:42 Val-Acc Target Data: 0.8854
05-25 08:26:42 The best model epoch 40, val-acc 0.8958
05-25 08:26:42 -----Epoch 43/50-----
05-25 08:26:42 current lr: [4e-05, 4e-05]
100%|###########################################################################################################################################################| 22/22 [00:00<00:00, 142.58it/s]
05-25 08:26:42 Train-Loss Source Classifier: 0.0259
05-25 08:26:42 Train-Loss MMD: 0.1805
05-25 08:26:42 Train-Loss L1: 0.0079
05-25 08:26:42 Train-Acc Source Data: 1.0000
100%|###########################################################################################################################################################| 12/12 [00:00<00:00, 583.06it/s]
05-25 08:26:42 Val-Acc Target Data: 0.8854
05-25 08:26:42 The best model epoch 40, val-acc 0.8958
05-25 08:26:42 -----Epoch 44/50-----
05-25 08:26:42 current lr: [4e-05, 4e-05]
100%|###########################################################################################################################################################| 22/22 [00:00<00:00, 141.22it/s]
05-25 08:26:42 Train-Loss Source Classifier: 0.0280
05-25 08:26:42 Train-Loss MMD: 0.1780
05-25 08:26:42 Train-Loss L1: 0.0082
05-25 08:26:42 Train-Acc Source Data: 1.0000
100%|###########################################################################################################################################################| 12/12 [00:00<00:00, 447.85it/s]
05-25 08:26:42 Val-Acc Target Data: 0.8880
05-25 08:26:42 The best model epoch 40, val-acc 0.8958
05-25 08:26:42 -----Epoch 45/50-----
05-25 08:26:42 current lr: [4e-05, 4e-05]
100%|###########################################################################################################################################################| 22/22 [00:00<00:00, 145.14it/s]
05-25 08:26:42 Train-Loss Source Classifier: 0.0300
05-25 08:26:42 Train-Loss MMD: 0.2027
05-25 08:26:42 Train-Loss L1: 0.0084
05-25 08:26:42 Train-Acc Source Data: 1.0000
100%|###########################################################################################################################################################| 12/12 [00:00<00:00, 583.15it/s]
05-25 08:26:43 Val-Acc Target Data: 0.8828
05-25 08:26:43 The best model epoch 40, val-acc 0.8958
05-25 08:26:43 -----Epoch 46/50-----
05-25 08:26:43 current lr: [4e-05, 4e-05]
100%|###########################################################################################################################################################| 22/22 [00:00<00:00, 146.78it/s]
05-25 08:26:43 Train-Loss Source Classifier: 0.0300
05-25 08:26:43 Train-Loss MMD: 0.1813
05-25 08:26:43 Train-Loss L1: 0.0092
05-25 08:26:43 Train-Acc Source Data: 1.0000
  0%|                                                                                                                                                                     | 0/12 [00:00<?, ?it/s]
100%|###########################################################################################################################################################| 22/22 [00:00<00:00, 148.04it/s]
05-25 08:26:43 Train-Loss Source Classifier: 0.0302
05-25 08:26:43 Train-Loss MMD: 0.1779
05-25 08:26:43 Train-Loss L1: 0.0089
05-25 08:26:43 Train-Acc Source Data: 1.0000
100%|###########################################################################################################################################################| 12/12 [00:00<00:00, 582.06it/s]
05-25 08:26:43 Val-Acc Target Data: 0.8854
05-25 08:26:43 The best model epoch 40, val-acc 0.8958
05-25 08:26:43 -----Epoch 48/50-----
05-25 08:26:43 current lr: [4e-05, 4e-05]
100%|###########################################################################################################################################################| 22/22 [00:00<00:00, 148.42it/s]
05-25 08:26:43 Train-Loss Source Classifier: 0.0299
05-25 08:26:43 Train-Loss MMD: 0.1943
05-25 08:26:43 Train-Loss L1: 0.0084
05-25 08:26:43 Train-Acc Source Data: 1.0000
100%|###########################################################################################################################################################| 12/12 [00:00<00:00, 584.73it/s]
05-25 08:26:43 Val-Acc Target Data: 0.8906
05-25 08:26:43 The best model epoch 40, val-acc 0.8958
05-25 08:26:43 -----Epoch 49/50-----
05-25 08:26:43 current lr: [4e-05, 4e-05]
100%|###########################################################################################################################################################| 22/22 [00:00<00:00, 144.91it/s]
05-25 08:26:43 Train-Loss Source Classifier: 0.0305
05-25 08:26:43 Train-Loss MMD: 0.1800
05-25 08:26:43 Train-Loss L1: 0.0090
05-25 08:26:43 Train-Acc Source Data: 1.0000
100%|###########################################################################################################################################################| 12/12 [00:00<00:00, 586.51it/s]
05-25 08:26:43 Val-Acc Target Data: 0.8932
05-25 08:26:43 The best model epoch 40, val-acc 0.8958
05-25 08:26:43 -----Epoch 50/50-----
05-25 08:26:43 current lr: [4e-05, 4e-05]
100%|###########################################################################################################################################################| 22/22 [00:00<00:00, 143.22it/s]
05-25 08:26:43 Train-Loss Source Classifier: 0.0314
05-25 08:26:43 Train-Loss MMD: 0.1856
05-25 08:26:43 Train-Loss L1: 0.0085
05-25 08:26:43 Train-Acc Source Data: 1.0000
100%|###########################################################################################################################################################| 12/12 [00:00<00:00, 582.01it/s]
05-25 08:26:43 Val-Acc Target Data: 0.8958
05-25 08:26:43 The best model epoch 50, val-acc 0.8958
100%|###########################################################################################################################################################| 22/22 [00:00<00:00, 148.04it/s]