05-25 08:24:26 model_name: MFSAN
05-25 08:24:26 Domain: exp
05-25 08:24:26 source: CWRU_0,CWRU_2
05-25 08:24:26 target: JNU_0
05-25 08:24:26 data_dir: ../burning_event/dataset
05-25 08:24:26 train_mode: multi_source
05-25 08:24:26 cuda_device: 0
05-25 08:24:26 save_dir: ./ckpt
05-25 08:24:26 max_epoch: 50
05-25 08:24:26 batch_size: 32
05-25 08:24:26 num_workers: 0
05-25 08:24:26 signal_size: 2048
05-25 08:24:26 random_state: 1025
05-25 08:24:26 project: experiment
05-25 08:24:26 fac: 0
05-25 08:24:26 adv: 1
05-25 08:24:26 recon: 0
05-25 08:24:26 iet: 0
05-25 08:24:26 normlizetype: mean-std
05-25 08:24:26 opt: adam
05-25 08:24:26 lr: 0.001
05-25 08:24:26 momentum: 0.9
05-25 08:24:26 betas: (0.9, 0.999)
05-25 08:24:26 weight_decay: 0.001
05-25 08:24:26 lr_scheduler: stepLR
05-25 08:24:26 gamma: 0.2
05-25 08:24:26 steps: 20
05-25 08:24:26 tradeoff: ['exp', 'exp', 'exp']
05-25 08:24:26 dropout: 0.2
05-25 08:24:26 save: False
05-25 08:24:26 load_path:
05-25 08:24:26 tsne: False
05-25 08:24:26 save_path: ./ckpt/MFSAN/multi_source/[CWRU_0CWRU_2]To[JNU_0]_0525-082426
05-25 08:24:26 Detect 3 classes: ['inner', 'normal', 'outer']
05-25 08:24:27 using 1 / 2 gpus
05-25 08:24:29 Source set CWRU_0 number of samples 177.
05-25 08:24:29 Source set CWRU_2 number of samples 177.
Loading source: CWRU, Condition: 0
Source Data Distribution:
+--------------+---------+
| Label        |   Count |
|--------------+---------|
| 0            |      59 |
| 1            |      59 |
| 2            |      59 |
| Dataset Size |     177 |
+--------------+---------+
Loading source: CWRU, Condition: 2
Source Data Distribution:
+--------------+---------+
| Label        |   Count |
|--------------+---------|
| 0            |      59 |
| 1            |      59 |
| 2            |      59 |
| Dataset Size |     177 |
+--------------+---------+
Setting up target: JNU, Condition: 0
05-25 08:24:31 target training set number of samples 729.
05-25 08:24:31 target validation set number of samples 366.
05-25 08:24:31 -----Epoch 1/50-----
05-25 08:24:31 current lr: [0.001, 0.001]
  0%|                                                                                                                                                                     | 0/22 [00:00<?, ?it/s]
Target Data Distribution:
+--------------+---------+-------+
|              |   train |   val |
|--------------+---------+-------|
| 0            |     243 |   122 |
| 1            |     243 |   122 |
| 2            |     243 |   122 |
| Dataset Size |     729 |   366 |
100%|############################################################################################################################################################| 22/22 [00:01<00:00, 15.31it/s]
05-25 08:24:32 Train-Loss Source Classifier: 0.6143
05-25 08:24:32 Train-Loss MMD: 0.4892
05-25 08:24:32 Train-Loss L1: 0.0563
05-25 08:24:32 Train-Acc Source Data: 0.7344
100%|###########################################################################################################################################################| 12/12 [00:00<00:00, 579.38it/s]
05-25 08:24:32 Val-Acc Target Data: 0.3854
05-25 08:24:32 The best model epoch 1, val-acc 0.3854
05-25 08:24:32 -----Epoch 2/50-----
05-25 08:24:32 current lr: [0.001, 0.001]
100%|###########################################################################################################################################################| 22/22 [00:00<00:00, 143.01it/s]
05-25 08:24:32 Train-Loss Source Classifier: 0.0330
05-25 08:24:32 Train-Loss MMD: 0.5418
05-25 08:24:32 Train-Loss L1: 0.0427
05-25 08:24:32 Train-Acc Source Data: 0.9957
100%|###########################################################################################################################################################| 12/12 [00:00<00:00, 580.53it/s]
05-25 08:24:32 Val-Acc Target Data: 0.4814
05-25 08:24:32 The best model epoch 2, val-acc 0.4814
05-25 08:24:32 -----Epoch 3/50-----
05-25 08:24:32 current lr: [0.001, 0.001]
100%|###########################################################################################################################################################| 22/22 [00:00<00:00, 139.25it/s]
05-25 08:24:33 Train-Loss Source Classifier: 0.0055
05-25 08:24:33 Train-Loss MMD: 0.3153
05-25 08:24:33 Train-Loss L1: 0.0419
05-25 08:24:33 Train-Acc Source Data: 1.0000
100%|###########################################################################################################################################################| 12/12 [00:00<00:00, 584.54it/s]
05-25 08:24:33 Val-Acc Target Data: 0.6425
05-25 08:24:33 The best model epoch 3, val-acc 0.6425
05-25 08:24:33 -----Epoch 4/50-----
05-25 08:24:33 current lr: [0.001, 0.001]
100%|###########################################################################################################################################################| 22/22 [00:00<00:00, 144.46it/s]
05-25 08:24:33 Train-Loss Source Classifier: 0.0048
05-25 08:24:33 Train-Loss MMD: 0.2560
05-25 08:24:33 Train-Loss L1: 0.0207
05-25 08:24:33 Train-Acc Source Data: 1.0000
100%|###########################################################################################################################################################| 12/12 [00:00<00:00, 578.66it/s]
05-25 08:24:33 Val-Acc Target Data: 0.6771
05-25 08:24:33 The best model epoch 4, val-acc 0.6771
05-25 08:24:33 -----Epoch 5/50-----
05-25 08:24:33 current lr: [0.001, 0.001]
100%|###########################################################################################################################################################| 22/22 [00:00<00:00, 141.96it/s]
05-25 08:24:33 Train-Loss Source Classifier: 0.0049
05-25 08:24:33 Train-Loss MMD: 0.2246
05-25 08:24:33 Train-Loss L1: 0.0124
05-25 08:24:33 Train-Acc Source Data: 1.0000
100%|###########################################################################################################################################################| 12/12 [00:00<00:00, 588.12it/s]
05-25 08:24:33 Val-Acc Target Data: 0.6745
05-25 08:24:33 The best model epoch 4, val-acc 0.6771
05-25 08:24:33 -----Epoch 6/50-----
05-25 08:24:33 current lr: [0.001, 0.001]
100%|###########################################################################################################################################################| 22/22 [00:00<00:00, 152.36it/s]
05-25 08:24:33 Train-Loss Source Classifier: 0.0043
05-25 08:24:33 Train-Loss MMD: 0.2047
05-25 08:24:33 Train-Loss L1: 0.0139
05-25 08:24:33 Train-Acc Source Data: 1.0000
100%|###########################################################################################################################################################| 12/12 [00:00<00:00, 504.10it/s]
05-25 08:24:33 Val-Acc Target Data: 0.6745
05-25 08:24:33 The best model epoch 4, val-acc 0.6771
05-25 08:24:33 -----Epoch 7/50-----
05-25 08:24:33 current lr: [0.001, 0.001]
100%|###########################################################################################################################################################| 22/22 [00:00<00:00, 143.04it/s]
05-25 08:24:33 Train-Loss Source Classifier: 0.0052
05-25 08:24:33 Train-Loss MMD: 0.2112
05-25 08:24:33 Train-Loss L1: 0.0073
05-25 08:24:33 Train-Acc Source Data: 1.0000
100%|###########################################################################################################################################################| 12/12 [00:00<00:00, 585.02it/s]
05-25 08:24:33 Val-Acc Target Data: 0.6771
05-25 08:24:33 The best model epoch 7, val-acc 0.6771
05-25 08:24:33 -----Epoch 8/50-----
05-25 08:24:33 current lr: [0.001, 0.001]
100%|###########################################################################################################################################################| 22/22 [00:00<00:00, 141.91it/s]
05-25 08:24:34 Train-Loss Source Classifier: 0.0038
05-25 08:24:34 Train-Loss MMD: 0.2099
05-25 08:24:34 Train-Loss L1: 0.0082
05-25 08:24:34 Train-Acc Source Data: 1.0000
100%|###########################################################################################################################################################| 12/12 [00:00<00:00, 592.70it/s]
05-25 08:24:34 Val-Acc Target Data: 0.6719
05-25 08:24:34 The best model epoch 7, val-acc 0.6771
05-25 08:24:34 -----Epoch 9/50-----
05-25 08:24:34 current lr: [0.001, 0.001]
100%|###########################################################################################################################################################| 22/22 [00:00<00:00, 143.97it/s]
05-25 08:24:34 Train-Loss Source Classifier: 0.0039
05-25 08:24:34 Train-Loss MMD: 0.2103
05-25 08:24:34 Train-Loss L1: 0.0077
05-25 08:24:34 Train-Acc Source Data: 1.0000
100%|###########################################################################################################################################################| 12/12 [00:00<00:00, 588.80it/s]
05-25 08:24:34 Val-Acc Target Data: 0.6771
05-25 08:24:34 The best model epoch 9, val-acc 0.6771
05-25 08:24:34 -----Epoch 10/50-----
05-25 08:24:34 current lr: [0.001, 0.001]
100%|###########################################################################################################################################################| 22/22 [00:00<00:00, 147.85it/s]
05-25 08:24:34 Train-Loss Source Classifier: 0.0054
05-25 08:24:34 Train-Loss MMD: 0.2030
05-25 08:24:34 Train-Loss L1: 0.0085
05-25 08:24:34 Train-Acc Source Data: 1.0000
100%|###########################################################################################################################################################| 12/12 [00:00<00:00, 591.40it/s]
05-25 08:24:34 Val-Acc Target Data: 0.6719
05-25 08:24:34 The best model epoch 9, val-acc 0.6771
05-25 08:24:34 -----Epoch 11/50-----
05-25 08:24:34 current lr: [0.001, 0.001]
100%|###########################################################################################################################################################| 22/22 [00:00<00:00, 147.75it/s]
05-25 08:24:34 Train-Loss Source Classifier: 0.0107
05-25 08:24:34 Train-Loss MMD: 0.2110
05-25 08:24:34 Train-Loss L1: 0.0086
05-25 08:24:34 Train-Acc Source Data: 0.9986
100%|###########################################################################################################################################################| 12/12 [00:00<00:00, 587.66it/s]
05-25 08:24:34 Val-Acc Target Data: 0.6771
05-25 08:24:34 The best model epoch 11, val-acc 0.6771
05-25 08:24:34 -----Epoch 12/50-----
05-25 08:24:34 current lr: [0.001, 0.001]
05-25 08:24:35 Train-Loss MMD: 0.2291###########################################################################################################################| 22/22 [00:00<00:00, 147.04it/s]
05-25 08:24:34 Train-Loss Source Classifier: 0.0064
05-25 08:24:34 Train-Loss MMD: 0.2082
05-25 08:24:34 Train-Loss L1: 0.0150
05-25 08:24:34 Train-Acc Source Data: 1.0000
100%|###########################################################################################################################################################| 12/12 [00:00<00:00, 586.21it/s]
05-25 08:24:34 Val-Acc Target Data: 0.6745
05-25 08:24:34 The best model epoch 11, val-acc 0.6771
05-25 08:24:34 -----Epoch 13/50-----
05-25 08:24:34 current lr: [0.001, 0.001]
100%|###########################################################################################################################################################| 22/22 [00:00<00:00, 144.91it/s]
05-25 08:24:34 Train-Loss Source Classifier: 0.0085
05-25 08:24:34 Train-Loss MMD: 0.2335
05-25 08:24:34 Train-Loss L1: 0.0128
05-25 08:24:34 Train-Acc Source Data: 1.0000
100%|###########################################################################################################################################################| 12/12 [00:00<00:00, 595.56it/s]
05-25 08:24:34 Val-Acc Target Data: 0.6745
05-25 08:24:34 The best model epoch 11, val-acc 0.6771
05-25 08:24:34 -----Epoch 14/50-----
05-25 08:24:34 current lr: [0.001, 0.001]
100%|###########################################################################################################################################################| 22/22 [00:00<00:00, 147.56it/s]
05-25 08:24:35 Train-Loss Source Classifier: 0.0111
05-25 08:24:35 Train-Loss MMD: 0.2042
05-25 08:24:35 Train-Loss L1: 0.0086
05-25 08:24:35 Train-Acc Source Data: 1.0000
100%|###########################################################################################################################################################| 12/12 [00:00<00:00, 588.26it/s]
05-25 08:24:35 Val-Acc Target Data: 0.6745
05-25 08:24:35 The best model epoch 11, val-acc 0.6771
05-25 08:24:35 -----Epoch 15/50-----
05-25 08:24:35 current lr: [0.001, 0.001]
100%|###########################################################################################################################################################| 22/22 [00:00<00:00, 150.05it/s]
05-25 08:24:35 Train-Loss Source Classifier: 0.0110
05-25 08:24:35 Train-Loss MMD: 0.2345
05-25 08:24:35 Train-Loss L1: 0.0089
05-25 08:24:35 Train-Acc Source Data: 1.0000
100%|###########################################################################################################################################################| 12/12 [00:00<00:00, 592.43it/s]
05-25 08:24:35 Val-Acc Target Data: 0.6771
05-25 08:24:35 The best model epoch 15, val-acc 0.6771
05-25 08:24:35 -----Epoch 16/50-----
05-25 08:24:35 current lr: [0.001, 0.001]
100%|###########################################################################################################################################################| 22/22 [00:00<00:00, 146.76it/s]
05-25 08:24:35 Train-Loss Source Classifier: 0.0141
05-25 08:24:35 Train-Loss MMD: 0.2335
05-25 08:24:35 Train-Loss L1: 0.0117
05-25 08:24:35 Train-Acc Source Data: 1.0000
100%|###########################################################################################################################################################| 12/12 [00:00<00:00, 588.43it/s]
05-25 08:24:35 Val-Acc Target Data: 0.6771
05-25 08:24:35 The best model epoch 16, val-acc 0.6771
05-25 08:24:35 -----Epoch 17/50-----
05-25 08:24:35 current lr: [0.001, 0.001]
100%|###########################################################################################################################################################| 22/22 [00:00<00:00, 149.03it/s]
05-25 08:24:35 Train-Loss Source Classifier: 0.0209
05-25 08:24:35 Train-Loss MMD: 0.2291###########################################################################################################################| 22/22 [00:00<00:00, 147.04it/s]
05-25 08:24:35 Train-Loss L1: 0.0124
05-25 08:24:35 Train-Acc Source Data: 1.0000
100%|###########################################################################################################################################################| 12/12 [00:00<00:00, 584.05it/s]
05-25 08:24:35 Val-Acc Target Data: 0.6641
05-25 08:24:35 The best model epoch 16, val-acc 0.6771
05-25 08:24:35 -----Epoch 18/50-----
05-25 08:24:35 current lr: [0.001, 0.001]
100%|###########################################################################################################################################################| 22/22 [00:00<00:00, 144.76it/s]
05-25 08:24:35 Train-Loss Source Classifier: 0.0174
05-25 08:24:35 Train-Loss MMD: 0.2087
05-25 08:24:35 Train-Loss L1: 0.0123
05-25 08:24:35 Train-Acc Source Data: 1.0000
100%|###########################################################################################################################################################| 12/12 [00:00<00:00, 431.81it/s]
05-25 08:24:35 Val-Acc Target Data: 0.6693
05-25 08:24:35 The best model epoch 16, val-acc 0.6771
05-25 08:24:35 -----Epoch 19/50-----
05-25 08:24:35 current lr: [0.001, 0.001]
100%|###########################################################################################################################################################| 22/22 [00:00<00:00, 148.72it/s]
05-25 08:24:35 Train-Loss Source Classifier: 0.0214
05-25 08:24:35 Train-Loss MMD: 0.2248
05-25 08:24:35 Train-Loss L1: 0.0119
05-25 08:24:35 Train-Acc Source Data: 1.0000
100%|###########################################################################################################################################################| 12/12 [00:00<00:00, 594.76it/s]
05-25 08:24:35 Val-Acc Target Data: 0.6745
05-25 08:24:35 The best model epoch 16, val-acc 0.6771
05-25 08:24:35 -----Epoch 20/50-----
05-25 08:24:35 current lr: [0.001, 0.001]
100%|###########################################################################################################################################################| 22/22 [00:00<00:00, 148.74it/s]
05-25 08:24:36 Train-Loss Source Classifier: 0.0207
05-25 08:24:36 Train-Loss MMD: 0.2176
05-25 08:24:36 Train-Loss L1: 0.0133
05-25 08:24:36 Train-Acc Source Data: 1.0000
100%|###########################################################################################################################################################| 12/12 [00:00<00:00, 587.86it/s]
05-25 08:24:36 Val-Acc Target Data: 0.6745
05-25 08:24:36 The best model epoch 16, val-acc 0.6771
05-25 08:24:36 -----Epoch 21/50-----
05-25 08:24:36 current lr: [0.0002, 0.0002]
100%|###########################################################################################################################################################| 22/22 [00:00<00:00, 148.73it/s]
05-25 08:24:36 Train-Loss Source Classifier: 0.0202
05-25 08:24:36 Train-Loss MMD: 0.2187
05-25 08:24:36 Train-Loss L1: 0.0109
05-25 08:24:36 Train-Acc Source Data: 1.0000
100%|###########################################################################################################################################################| 12/12 [00:00<00:00, 565.37it/s]
05-25 08:24:36 Val-Acc Target Data: 0.6745
05-25 08:24:36 The best model epoch 16, val-acc 0.6771
05-25 08:24:36 -----Epoch 22/50-----
05-25 08:24:36 current lr: [0.0002, 0.0002]
100%|###########################################################################################################################################################| 22/22 [00:00<00:00, 144.89it/s]
05-25 08:24:36 Train-Loss Source Classifier: 0.0223
05-25 08:24:36 Train-Loss MMD: 0.2044
05-25 08:24:36 Train-Loss L1: 0.0118
05-25 08:24:36 Train-Acc Source Data: 1.0000
100%|###########################################################################################################################################################| 12/12 [00:00<00:00, 592.40it/s]
05-25 08:24:36 Val-Acc Target Data: 0.6745
05-25 08:24:36 The best model epoch 16, val-acc 0.6771
05-25 08:24:36 -----Epoch 23/50-----
05-25 08:24:36 current lr: [0.0002, 0.0002]
100%|###########################################################################################################################################################| 22/22 [00:00<00:00, 143.03it/s]
05-25 08:24:36 Train-Loss Source Classifier: 0.0254
05-25 08:24:36 Train-Loss MMD: 0.2066
05-25 08:24:36 Train-Loss L1: 0.0123
05-25 08:24:36 Train-Acc Source Data: 1.0000
 68%|#########################################################################################################6                                                 | 15/22 [00:00<00:00, 143.40it/s]
05-25 08:24:36 Val-Acc Target Data: 0.6745
05-25 08:24:36 The best model epoch 16, val-acc 0.6771
05-25 08:24:36 -----Epoch 24/50-----
05-25 08:24:36 current lr: [0.0002, 0.0002]
100%|###########################################################################################################################################################| 22/22 [00:00<00:00, 143.83it/s]
05-25 08:24:36 Train-Loss Source Classifier: 0.0238
05-25 08:24:36 Train-Loss MMD: 0.2014
05-25 08:24:36 Train-Loss L1: 0.0128
05-25 08:24:36 Train-Acc Source Data: 1.0000
100%|###########################################################################################################################################################| 12/12 [00:00<00:00, 594.94it/s]
05-25 08:24:36 Val-Acc Target Data: 0.6771
05-25 08:24:36 The best model epoch 24, val-acc 0.6771
05-25 08:24:36 -----Epoch 25/50-----
05-25 08:24:36 current lr: [0.0002, 0.0002]
100%|###########################################################################################################################################################| 22/22 [00:00<00:00, 148.12it/s]
05-25 08:24:36 Train-Loss Source Classifier: 0.0222
05-25 08:24:36 Train-Loss MMD: 0.1995
05-25 08:24:36 Train-Loss L1: 0.0125
05-25 08:24:36 Train-Acc Source Data: 1.0000
100%|###########################################################################################################################################################| 12/12 [00:00<00:00, 593.25it/s]
05-25 08:24:36 Val-Acc Target Data: 0.6771
05-25 08:24:36 The best model epoch 25, val-acc 0.6771
05-25 08:24:36 -----Epoch 26/50-----
05-25 08:24:36 current lr: [0.0002, 0.0002]
100%|###########################################################################################################################################################| 22/22 [00:00<00:00, 149.12it/s]
05-25 08:24:37 Train-Loss Source Classifier: 0.0261
05-25 08:24:37 Train-Loss MMD: 0.1977
05-25 08:24:37 Train-Loss L1: 0.0124
05-25 08:24:37 Train-Acc Source Data: 1.0000
100%|###########################################################################################################################################################| 12/12 [00:00<00:00, 594.15it/s]
05-25 08:24:37 Val-Acc Target Data: 0.6745
05-25 08:24:37 The best model epoch 25, val-acc 0.6771
05-25 08:24:37 -----Epoch 27/50-----
05-25 08:24:37 current lr: [0.0002, 0.0002]
100%|###########################################################################################################################################################| 22/22 [00:00<00:00, 150.66it/s]
05-25 08:24:37 Train-Loss Source Classifier: 0.0275
05-25 08:24:37 Train-Loss MMD: 0.2141
05-25 08:24:37 Train-Loss L1: 0.0118
05-25 08:24:37 Train-Acc Source Data: 1.0000
100%|###########################################################################################################################################################| 12/12 [00:00<00:00, 594.44it/s]
05-25 08:24:37 Val-Acc Target Data: 0.6745
05-25 08:24:37 The best model epoch 25, val-acc 0.6771
05-25 08:24:37 -----Epoch 28/50-----
05-25 08:24:37 current lr: [0.0002, 0.0002]
100%|###########################################################################################################################################################| 22/22 [00:00<00:00, 151.58it/s]
05-25 08:24:37 Train-Loss Source Classifier: 0.0279
05-25 08:24:37 Train-Loss MMD: 0.2002
05-25 08:24:37 Train-Loss L1: 0.0124
05-25 08:24:37 Train-Acc Source Data: 1.0000
100%|###########################################################################################################################################################| 12/12 [00:00<00:00, 590.85it/s]
05-25 08:24:37 Val-Acc Target Data: 0.6745
05-25 08:24:37 The best model epoch 25, val-acc 0.6771
05-25 08:24:37 -----Epoch 29/50-----
05-25 08:24:37 current lr: [0.0002, 0.0002]
100%|###########################################################################################################################################################| 22/22 [00:00<00:00, 147.03it/s]
05-25 08:24:37 Train-Loss Source Classifier: 0.0282
05-25 08:24:37 Train-Loss MMD: 0.2079
05-25 08:24:37 Train-Loss L1: 0.0118
05-25 08:24:37 Train-Acc Source Data: 1.0000
100%|###########################################################################################################################################################| 12/12 [00:00<00:00, 593.13it/s]
05-25 08:24:37 Val-Acc Target Data: 0.6745
05-25 08:24:37 The best model epoch 25, val-acc 0.6771
05-25 08:24:37 -----Epoch 30/50-----
05-25 08:24:37 current lr: [0.0002, 0.0002]
100%|###########################################################################################################################################################| 22/22 [00:00<00:00, 138.69it/s]
05-25 08:24:37 Train-Loss Source Classifier: 0.0301
05-25 08:24:37 Train-Loss MMD: 0.2085
05-25 08:24:37 Train-Loss L1: 0.0131
05-25 08:24:37 Train-Acc Source Data: 1.0000
100%|###########################################################################################################################################################| 12/12 [00:00<00:00, 598.62it/s]
05-25 08:24:37 Val-Acc Target Data: 0.6771
05-25 08:24:37 The best model epoch 30, val-acc 0.6771
05-25 08:24:37 -----Epoch 31/50-----
05-25 08:24:37 current lr: [0.0002, 0.0002]
100%|###########################################################################################################################################################| 22/22 [00:00<00:00, 145.07it/s]
05-25 08:24:37 Train-Loss Source Classifier: 0.0321
05-25 08:24:37 Train-Loss MMD: 0.2097
05-25 08:24:37 Train-Loss L1: 0.0131
05-25 08:24:37 Train-Acc Source Data: 1.0000
100%|###########################################################################################################################################################| 12/12 [00:00<00:00, 592.60it/s]
05-25 08:24:38 Val-Acc Target Data: 0.6823
05-25 08:24:38 The best model epoch 31, val-acc 0.6823
05-25 08:24:38 -----Epoch 32/50-----
05-25 08:24:38 current lr: [0.0002, 0.0002]
100%|###########################################################################################################################################################| 22/22 [00:00<00:00, 147.01it/s]
05-25 08:24:38 Train-Loss Source Classifier: 0.0261
05-25 08:24:38 Train-Loss MMD: 0.1923
05-25 08:24:38 Train-Loss L1: 0.0117
05-25 08:24:38 Train-Acc Source Data: 1.0000
100%|###########################################################################################################################################################| 12/12 [00:00<00:00, 592.14it/s]
05-25 08:24:38 Val-Acc Target Data: 0.6849
05-25 08:24:38 The best model epoch 32, val-acc 0.6849
05-25 08:24:38 -----Epoch 33/50-----
05-25 08:24:38 current lr: [0.0002, 0.0002]
100%|###########################################################################################################################################################| 22/22 [00:00<00:00, 147.23it/s]
05-25 08:24:38 Train-Loss Source Classifier: 0.0326
05-25 08:24:38 Train-Loss MMD: 0.2084
05-25 08:24:38 Train-Loss L1: 0.0130
05-25 08:24:38 Train-Acc Source Data: 1.0000
100%|###########################################################################################################################################################| 12/12 [00:00<00:00, 590.37it/s]
05-25 08:24:38 Val-Acc Target Data: 0.6901
05-25 08:24:38 The best model epoch 33, val-acc 0.6901
05-25 08:24:38 -----Epoch 34/50-----
05-25 08:24:38 current lr: [0.0002, 0.0002]
100%|###########################################################################################################################################################| 22/22 [00:00<00:00, 143.17it/s]
05-25 08:24:38 Train-Loss Source Classifier: 0.0307
05-25 08:24:38 Train-Loss MMD: 0.1965
05-25 08:24:38 Train-Loss L1: 0.0118
05-25 08:24:38 Train-Acc Source Data: 1.0000
100%|###########################################################################################################################################################| 12/12 [00:00<00:00, 594.28it/s]
05-25 08:24:38 Val-Acc Target Data: 0.6927
05-25 08:24:38 The best model epoch 34, val-acc 0.6927
05-25 08:24:38 -----Epoch 35/50-----
05-25 08:24:38 current lr: [0.0002, 0.0002]
100%|###########################################################################################################################################################| 12/12 [00:00<00:00, 591.39it/s]
05-25 08:24:38 Train-Loss Source Classifier: 0.0279
05-25 08:24:38 Train-Loss MMD: 0.1940
05-25 08:24:38 Train-Loss L1: 0.0116
05-25 08:24:38 Train-Acc Source Data: 1.0000
100%|###########################################################################################################################################################| 12/12 [00:00<00:00, 591.78it/s]
05-25 08:24:38 Val-Acc Target Data: 0.6875
05-25 08:24:38 The best model epoch 34, val-acc 0.6927
05-25 08:24:38 -----Epoch 36/50-----
05-25 08:24:38 current lr: [0.0002, 0.0002]
100%|###########################################################################################################################################################| 22/22 [00:00<00:00, 147.77it/s]
05-25 08:24:38 Train-Loss Source Classifier: 0.0354
05-25 08:24:38 Train-Loss MMD: 0.2106
05-25 08:24:38 Train-Loss L1: 0.0131
05-25 08:24:38 Train-Acc Source Data: 1.0000
100%|###########################################################################################################################################################| 12/12 [00:00<00:00, 560.98it/s]
05-25 08:24:38 Val-Acc Target Data: 0.6927
05-25 08:24:38 The best model epoch 36, val-acc 0.6927
05-25 08:24:38 -----Epoch 37/50-----
05-25 08:24:38 current lr: [0.0002, 0.0002]
100%|###########################################################################################################################################################| 22/22 [00:00<00:00, 123.32it/s]
05-25 08:24:39 Train-Loss Source Classifier: 0.0321
05-25 08:24:39 Train-Loss MMD: 0.2047
05-25 08:24:39 Train-Loss L1: 0.0126
05-25 08:24:39 Train-Acc Source Data: 1.0000
100%|###########################################################################################################################################################| 12/12 [00:00<00:00, 591.41it/s]
05-25 08:24:39 Val-Acc Target Data: 0.6979
05-25 08:24:39 The best model epoch 37, val-acc 0.6979
05-25 08:24:39 -----Epoch 38/50-----
05-25 08:24:39 current lr: [0.0002, 0.0002]
100%|###########################################################################################################################################################| 22/22 [00:00<00:00, 144.73it/s]
05-25 08:24:39 Train-Loss Source Classifier: 0.0348
05-25 08:24:39 Train-Loss MMD: 0.2129
05-25 08:24:39 Train-Loss L1: 0.0129
05-25 08:24:39 Train-Acc Source Data: 1.0000
100%|###########################################################################################################################################################| 12/12 [00:00<00:00, 587.11it/s]
05-25 08:24:39 Val-Acc Target Data: 0.6953
05-25 08:24:39 The best model epoch 37, val-acc 0.6979
05-25 08:24:39 -----Epoch 39/50-----
05-25 08:24:39 current lr: [0.0002, 0.0002]
100%|###########################################################################################################################################################| 22/22 [00:00<00:00, 148.08it/s]
05-25 08:24:39 Train-Loss Source Classifier: 0.0319
05-25 08:24:39 Train-Loss MMD: 0.2157
05-25 08:24:39 Train-Loss L1: 0.0121
05-25 08:24:39 Train-Acc Source Data: 1.0000
100%|###########################################################################################################################################################| 12/12 [00:00<00:00, 588.98it/s]
05-25 08:24:39 Val-Acc Target Data: 0.6979
05-25 08:24:39 The best model epoch 39, val-acc 0.6979
05-25 08:24:39 -----Epoch 40/50-----
05-25 08:24:39 current lr: [0.0002, 0.0002]
100%|###########################################################################################################################################################| 22/22 [00:00<00:00, 140.28it/s]
05-25 08:24:39 Train-Loss Source Classifier: 0.0318
05-25 08:24:39 Train-Loss MMD: 0.2028
05-25 08:24:39 Train-Loss L1: 0.0133
05-25 08:24:39 Train-Acc Source Data: 1.0000
100%|###########################################################################################################################################################| 12/12 [00:00<00:00, 525.63it/s]
05-25 08:24:39 Val-Acc Target Data: 0.6953
05-25 08:24:39 The best model epoch 39, val-acc 0.6979
05-25 08:24:39 -----Epoch 41/50-----
05-25 08:24:39 current lr: [4e-05, 4e-05]
100%|###########################################################################################################################################################| 22/22 [00:00<00:00, 146.32it/s]
05-25 08:24:39 Train-Loss Source Classifier: 0.0330
05-25 08:24:39 Train-Loss MMD: 0.1854
05-25 08:24:39 Train-Loss L1: 0.0122
05-25 08:24:39 Train-Acc Source Data: 1.0000
100%|###########################################################################################################################################################| 12/12 [00:00<00:00, 595.17it/s]
05-25 08:24:39 Val-Acc Target Data: 0.6953
05-25 08:24:39 The best model epoch 39, val-acc 0.6979
05-25 08:24:39 -----Epoch 42/50-----
05-25 08:24:39 current lr: [4e-05, 4e-05]
100%|###########################################################################################################################################################| 22/22 [00:00<00:00, 149.35it/s]
05-25 08:24:39 Train-Loss Source Classifier: 0.0318
05-25 08:24:39 Train-Loss MMD: 0.1932
05-25 08:24:39 Train-Loss L1: 0.0122
05-25 08:24:39 Train-Acc Source Data: 1.0000
100%|###########################################################################################################################################################| 12/12 [00:00<00:00, 592.72it/s]
05-25 08:24:39 Val-Acc Target Data: 0.6979
05-25 08:24:39 The best model epoch 42, val-acc 0.6979
05-25 08:24:39 -----Epoch 43/50-----
05-25 08:24:39 current lr: [4e-05, 4e-05]
100%|###########################################################################################################################################################| 22/22 [00:00<00:00, 149.34it/s]
05-25 08:24:40 Train-Loss Source Classifier: 0.0302
05-25 08:24:40 Train-Loss MMD: 0.1941
05-25 08:24:40 Train-Loss L1: 0.0108
05-25 08:24:40 Train-Acc Source Data: 1.0000
100%|###########################################################################################################################################################| 12/12 [00:00<00:00, 592.26it/s]
05-25 08:24:40 Val-Acc Target Data: 0.6953
05-25 08:24:40 The best model epoch 42, val-acc 0.6979
05-25 08:24:40 -----Epoch 44/50-----
05-25 08:24:40 current lr: [4e-05, 4e-05]
100%|###########################################################################################################################################################| 22/22 [00:00<00:00, 148.69it/s]
05-25 08:24:40 Train-Loss Source Classifier: 0.0302
05-25 08:24:40 Train-Loss MMD: 0.1904
05-25 08:24:40 Train-Loss L1: 0.0119
05-25 08:24:40 Train-Acc Source Data: 1.0000
100%|###########################################################################################################################################################| 12/12 [00:00<00:00, 585.98it/s]
05-25 08:24:40 Val-Acc Target Data: 0.6979
05-25 08:24:40 The best model epoch 44, val-acc 0.6979
05-25 08:24:40 -----Epoch 45/50-----
05-25 08:24:40 current lr: [4e-05, 4e-05]
100%|###########################################################################################################################################################| 22/22 [00:00<00:00, 142.69it/s]
05-25 08:24:40 Train-Loss Source Classifier: 0.0377
05-25 08:24:40 Train-Loss MMD: 0.2057
05-25 08:24:40 Train-Loss L1: 0.0124
05-25 08:24:40 Train-Acc Source Data: 1.0000
100%|###########################################################################################################################################################| 12/12 [00:00<00:00, 593.77it/s]
05-25 08:24:40 Val-Acc Target Data: 0.7031
05-25 08:24:40 The best model epoch 45, val-acc 0.7031
05-25 08:24:40 -----Epoch 46/50-----
05-25 08:24:40 current lr: [4e-05, 4e-05]
100%|###########################################################################################################################################################| 22/22 [00:00<00:00, 147.25it/s]
05-25 08:24:40 Train-Loss Source Classifier: 0.0311
05-25 08:24:40 Train-Loss MMD: 0.1958
05-25 08:24:40 Train-Loss L1: 0.0127
05-25 08:24:40 Train-Acc Source Data: 1.0000
100%|###########################################################################################################################################################| 12/12 [00:00<00:00, 591.39it/s]
05-25 08:24:40 Val-Acc Target Data: 0.7031
05-25 08:24:40 The best model epoch 46, val-acc 0.7031
05-25 08:24:40 -----Epoch 47/50-----
05-25 08:24:40 current lr: [4e-05, 4e-05]
100%|###########################################################################################################################################################| 22/22 [00:00<00:00, 145.00it/s]
05-25 08:24:40 Train-Loss Source Classifier: 0.0326
05-25 08:24:40 Train-Loss MMD: 0.1951
05-25 08:24:40 Train-Loss L1: 0.0121
05-25 08:24:40 Train-Acc Source Data: 1.0000
100%|###########################################################################################################################################################| 12/12 [00:00<00:00, 564.91it/s]
05-25 08:24:40 Val-Acc Target Data: 0.7083
05-25 08:24:40 The best model epoch 47, val-acc 0.7083
05-25 08:24:40 -----Epoch 48/50-----
05-25 08:24:40 current lr: [4e-05, 4e-05]
100%|###########################################################################################################################################################| 22/22 [00:00<00:00, 146.97it/s]
05-25 08:24:40 Train-Loss Source Classifier: 0.0328
05-25 08:24:40 Train-Loss MMD: 0.2138
05-25 08:24:40 Train-Loss L1: 0.0115
05-25 08:24:40 Train-Acc Source Data: 1.0000
100%|###########################################################################################################################################################| 12/12 [00:00<00:00, 566.80it/s]
05-25 08:24:40 Val-Acc Target Data: 0.7109
05-25 08:24:40 The best model epoch 48, val-acc 0.7109
05-25 08:24:40 -----Epoch 49/50-----
05-25 08:24:40 current lr: [4e-05, 4e-05]
100%|###########################################################################################################################################################| 22/22 [00:00<00:00, 142.89it/s]
05-25 08:24:41 Train-Loss Source Classifier: 0.0320
05-25 08:24:41 Train-Loss MMD: 0.2030
05-25 08:24:41 Train-Loss L1: 0.0135
05-25 08:24:41 Train-Acc Source Data: 1.0000
100%|###########################################################################################################################################################| 12/12 [00:00<00:00, 559.56it/s]
05-25 08:24:41 Val-Acc Target Data: 0.7057
05-25 08:24:41 The best model epoch 48, val-acc 0.7109
05-25 08:24:41 -----Epoch 50/50-----
05-25 08:24:41 current lr: [4e-05, 4e-05]
100%|###########################################################################################################################################################| 22/22 [00:00<00:00, 150.15it/s]
05-25 08:24:41 Train-Loss Source Classifier: 0.0334
05-25 08:24:41 Train-Loss MMD: 0.1988
05-25 08:24:41 Train-Loss L1: 0.0122
05-25 08:24:41 Train-Acc Source Data: 1.0000
100%|###########################################################################################################################################################| 12/12 [00:00<00:00, 592.22it/s]
05-25 08:24:41 Val-Acc Target Data: 0.7057
05-25 08:24:41 The best model epoch 48, val-acc 0.7109
100%|###########################################################################################################################################################| 22/22 [00:00<00:00, 145.00it/s]