05-25 08:29:22 model_name: MFSAN
05-25 08:29:22 Domain: exp
05-25 08:29:22 source: JNU_0,JNU_2
05-25 08:29:22 target: CWRU_2
05-25 08:29:22 data_dir: ../burning_event/dataset
05-25 08:29:22 train_mode: multi_source
05-25 08:29:22 cuda_device: 0
05-25 08:29:22 save_dir: ./ckpt
05-25 08:29:22 max_epoch: 50
05-25 08:29:22 batch_size: 32
05-25 08:29:22 num_workers: 0
05-25 08:29:22 signal_size: 2048
05-25 08:29:22 random_state: 2463
05-25 08:29:22 project: experiment
05-25 08:29:22 fac: 0
05-25 08:29:22 adv: 1
05-25 08:29:22 recon: 0
05-25 08:29:22 iet: 0
05-25 08:29:22 normlizetype: mean-std
05-25 08:29:22 opt: adam
05-25 08:29:22 lr: 0.001
05-25 08:29:22 momentum: 0.9
05-25 08:29:22 betas: (0.9, 0.999)
05-25 08:29:22 weight_decay: 0.001
05-25 08:29:22 lr_scheduler: stepLR
05-25 08:29:22 gamma: 0.2
05-25 08:29:22 steps: 20
05-25 08:29:22 tradeoff: ['exp', 'exp', 'exp']
05-25 08:29:22 dropout: 0.2
05-25 08:29:22 save: False
05-25 08:29:22 load_path:
05-25 08:29:22 tsne: False
05-25 08:29:22 save_path: ./ckpt/MFSAN/multi_source/[JNU_0JNU_2]To[CWRU_2]_0525-082922
05-25 08:29:22 Detect 3 classes: ['inner', 'normal', 'outer']
05-25 08:29:23 using 1 / 2 gpus
Loading source: JNU, Condition: 0
Source Data Distribution:
+--------------+---------+
| Label        |   Count |
|--------------+---------|
| 0            |     244 |
| 1            |     244 |
| 2            |     244 |
| Dataset Size |     732 |
+--------------+---------+
Loading source: JNU, Condition: 2
05-25 08:29:29 Source set JNU_0 number of samples 732.
05-25 08:29:29 Source set JNU_2 number of samples 732.
05-25 08:29:29 target training set number of samples 174.
05-25 08:29:29 target validation set number of samples 87.
05-25 08:29:29 -----Epoch 1/50-----
05-25 08:29:29 current lr: [0.001, 0.001]
  0%|                                                                                                                                                                      | 0/5 [00:00<?, ?it/s]
Source Data Distribution:
+--------------+---------+
| Label        |   Count |
|--------------+---------|
| 0            |     244 |
| 1            |     244 |
| 2            |     244 |
| Dataset Size |     732 |
+--------------+---------+
Setting up target: CWRU, Condition: 2
Target Data Distribution:
+--------------+---------+-------+
|              |   train |   val |
|--------------+---------+-------|
| 0            |      58 |    29 |
| 1            |      58 |    29 |
| 2            |      58 |    29 |
| Dataset Size |     174 |    87 |
100%|##############################################################################################################################################################| 5/5 [00:01<00:00,  3.34it/s]
05-25 08:29:30 Train-Loss Source Classifier: 1.0875
05-25 08:29:30 Train-Loss MMD: 0.4281
05-25 08:29:30 Train-Loss L1: 0.0331
05-25 08:29:30 Train-Acc Source Data: 0.4125
100%|#############################################################################################################################################################| 3/3 [00:00<00:00, 542.65it/s]
05-25 08:29:30 Val-Acc Target Data: 0.3229
05-25 08:29:30 The best model epoch 1, val-acc 0.3229
05-25 08:29:30 -----Epoch 2/50-----
05-25 08:29:30 current lr: [0.001, 0.001]
100%|#############################################################################################################################################################| 5/5 [00:00<00:00, 126.92it/s]
05-25 08:29:30 Train-Loss Source Classifier: 0.9477
05-25 08:29:30 Train-Loss MMD: 0.4289
05-25 08:29:30 Train-Loss L1: 0.0378
05-25 08:29:30 Train-Acc Source Data: 0.5375
100%|#############################################################################################################################################################| 3/3 [00:00<00:00, 575.17it/s]
05-25 08:29:30 Val-Acc Target Data: 0.3021
05-25 08:29:30 The best model epoch 1, val-acc 0.3229
05-25 08:29:30 -----Epoch 3/50-----
05-25 08:29:30 current lr: [0.001, 0.001]
100%|#############################################################################################################################################################| 5/5 [00:00<00:00, 141.36it/s]
05-25 08:29:30 Train-Loss Source Classifier: 0.7274
05-25 08:29:30 Train-Loss MMD: 0.3883
05-25 08:29:30 Train-Loss L1: 0.0431
05-25 08:29:30 Train-Acc Source Data: 0.6750
100%|#############################################################################################################################################################| 3/3 [00:00<00:00, 578.10it/s]
05-25 08:29:30 Val-Acc Target Data: 0.3021
05-25 08:29:30 The best model epoch 1, val-acc 0.3229
05-25 08:29:30 -----Epoch 4/50-----
05-25 08:29:30 current lr: [0.001, 0.001]
100%|#############################################################################################################################################################| 5/5 [00:00<00:00, 149.04it/s]
05-25 08:29:30 Train-Loss Source Classifier: 0.6627
05-25 08:29:30 Train-Loss MMD: 0.4495
05-25 08:29:30 Train-Loss L1: 0.0411
05-25 08:29:30 Train-Acc Source Data: 0.6687
100%|#############################################################################################################################################################| 3/3 [00:00<00:00, 579.19it/s]
05-25 08:29:30 Val-Acc Target Data: 0.3021
05-25 08:29:30 The best model epoch 1, val-acc 0.3229
05-25 08:29:30 -----Epoch 5/50-----
05-25 08:29:30 current lr: [0.001, 0.001]
100%|#############################################################################################################################################################| 5/5 [00:00<00:00, 149.50it/s]
05-25 08:29:30 Train-Loss Source Classifier: 0.6359
05-25 08:29:30 Train-Loss MMD: 0.3954
05-25 08:29:30 Train-Loss L1: 0.0463
05-25 08:29:30 Train-Acc Source Data: 0.7063
100%|#############################################################################################################################################################| 3/3 [00:00<00:00, 580.93it/s]
05-25 08:29:30 Val-Acc Target Data: 0.4479
05-25 08:29:30 The best model epoch 5, val-acc 0.4479
05-25 08:29:30 -----Epoch 6/50-----
05-25 08:29:30 current lr: [0.001, 0.001]
100%|#############################################################################################################################################################| 5/5 [00:00<00:00, 124.66it/s]
05-25 08:29:30 Train-Loss Source Classifier: 0.5798
05-25 08:29:30 Train-Loss MMD: 0.3159
05-25 08:29:30 Train-Loss L1: 0.0580
05-25 08:29:30 Train-Acc Source Data: 0.7250
100%|#############################################################################################################################################################| 3/3 [00:00<00:00, 573.41it/s]
05-25 08:29:30 Val-Acc Target Data: 0.5974
05-25 08:29:30 The best model epoch 6, val-acc 0.5974
05-25 08:29:30 -----Epoch 7/50-----
05-25 08:29:30 current lr: [0.001, 0.001]
100%|#############################################################################################################################################################| 5/5 [00:00<00:00, 143.85it/s]
05-25 08:29:30 Train-Loss Source Classifier: 0.5343
05-25 08:29:30 Train-Loss MMD: 0.3010
05-25 08:29:30 Train-Loss L1: 0.0481
05-25 08:29:30 Train-Acc Source Data: 0.7438
100%|#############################################################################################################################################################| 3/3 [00:00<00:00, 577.78it/s]
05-25 08:29:30 Val-Acc Target Data: 0.8438
05-25 08:29:30 The best model epoch 7, val-acc 0.8438
05-25 08:29:30 -----Epoch 8/50-----
05-25 08:29:30 current lr: [0.001, 0.001]
100%|#############################################################################################################################################################| 5/5 [00:00<00:00, 144.05it/s]
05-25 08:29:31 Train-Loss Source Classifier: 0.4496
05-25 08:29:31 Train-Loss MMD: 0.2338
05-25 08:29:31 Train-Loss L1: 0.0562
05-25 08:29:31 Train-Acc Source Data: 0.7937
100%|#############################################################################################################################################################| 3/3 [00:00<00:00, 585.61it/s]
05-25 08:29:31 Val-Acc Target Data: 0.8229
05-25 08:29:31 The best model epoch 7, val-acc 0.8438
05-25 08:29:31 -----Epoch 9/50-----
05-25 08:29:31 current lr: [0.001, 0.001]
100%|#############################################################################################################################################################| 5/5 [00:00<00:00, 140.04it/s]
05-25 08:29:31 Train-Loss Source Classifier: 0.4737
05-25 08:29:31 Train-Loss MMD: 0.2837
05-25 08:29:31 Train-Loss L1: 0.0434
05-25 08:29:31 Train-Acc Source Data: 0.7875
100%|#############################################################################################################################################################| 3/3 [00:00<00:00, 576.09it/s]
05-25 08:29:31 Val-Acc Target Data: 0.7917
05-25 08:29:31 The best model epoch 7, val-acc 0.8438
05-25 08:29:31 -----Epoch 10/50-----
05-25 08:29:31 current lr: [0.001, 0.001]
100%|#############################################################################################################################################################| 5/5 [00:00<00:00, 138.56it/s]
05-25 08:29:31 Train-Loss Source Classifier: 0.4226
05-25 08:29:31 Train-Loss MMD: 0.2577
05-25 08:29:31 Train-Loss L1: 0.0368
05-25 08:29:31 Train-Acc Source Data: 0.8250
100%|#############################################################################################################################################################| 3/3 [00:00<00:00, 580.98it/s]
05-25 08:29:31 Val-Acc Target Data: 0.9375
05-25 08:29:31 The best model epoch 10, val-acc 0.9375
05-25 08:29:31 -----Epoch 11/50-----
05-25 08:29:31 current lr: [0.001, 0.001]
100%|#############################################################################################################################################################| 5/5 [00:00<00:00, 136.38it/s]
05-25 08:29:31 Train-Loss Source Classifier: 0.3825
05-25 08:29:31 Train-Loss MMD: 0.2079
05-25 08:29:31 Train-Loss L1: 0.0339
05-25 08:29:31 Train-Acc Source Data: 0.8375
100%|#############################################################################################################################################################| 3/3 [00:00<00:00, 578.34it/s]
05-25 08:29:31 Val-Acc Target Data: 0.8854
05-25 08:29:31 The best model epoch 10, val-acc 0.9375
05-25 08:29:31 -----Epoch 12/50-----
05-25 08:29:31 current lr: [0.001, 0.001]
100%|#############################################################################################################################################################| 5/5 [00:00<00:00, 141.15it/s]
05-25 08:29:31 Train-Loss Source Classifier: 0.3796
05-25 08:29:31 Train-Loss MMD: 0.2367
05-25 08:29:31 Train-Loss L1: 0.0437
05-25 08:29:31 Train-Acc Source Data: 0.8688
100%|#############################################################################################################################################################| 3/3 [00:00<00:00, 574.20it/s]
05-25 08:29:31 Val-Acc Target Data: 0.9688
05-25 08:29:31 The best model epoch 12, val-acc 0.9688
05-25 08:29:31 -----Epoch 13/50-----
05-25 08:29:31 current lr: [0.001, 0.001]
100%|#############################################################################################################################################################| 5/5 [00:00<00:00, 145.61it/s]
05-25 08:29:31 Train-Loss Source Classifier: 0.3849
05-25 08:29:31 Train-Loss MMD: 0.2043
05-25 08:29:31 Train-Loss L1: 0.0286
05-25 08:29:31 Train-Acc Source Data: 0.7937
100%|#############################################################################################################################################################| 3/3 [00:00<00:00, 565.70it/s]
05-25 08:29:31 Val-Acc Target Data: 0.9896
05-25 08:29:31 The best model epoch 13, val-acc 0.9896
05-25 08:29:31 -----Epoch 14/50-----
05-25 08:29:31 current lr: [0.001, 0.001]
100%|#############################################################################################################################################################| 5/5 [00:00<00:00, 140.59it/s]
05-25 08:29:31 Train-Loss Source Classifier: 0.3551
05-25 08:29:31 Train-Loss MMD: 0.2163
05-25 08:29:31 Train-Loss L1: 0.0317
05-25 08:29:31 Train-Acc Source Data: 0.8375
100%|#############################################################################################################################################################| 3/3 [00:00<00:00, 573.85it/s]
05-25 08:29:31 Val-Acc Target Data: 1.0000
05-25 08:29:31 The best model epoch 14, val-acc 1.0000
05-25 08:29:31 -----Epoch 15/50-----
05-25 08:29:31 current lr: [0.001, 0.001]
100%|#############################################################################################################################################################| 5/5 [00:00<00:00, 154.35it/s]
05-25 08:29:31 Train-Loss Source Classifier: 0.3148
05-25 08:29:31 Train-Loss MMD: 0.2170
05-25 08:29:31 Train-Loss L1: 0.0242
05-25 08:29:31 Train-Acc Source Data: 0.8812
100%|#############################################################################################################################################################| 3/3 [00:00<00:00, 586.53it/s]
05-25 08:29:31 Val-Acc Target Data: 0.9062
05-25 08:29:31 The best model epoch 14, val-acc 1.0000
05-25 08:29:31 -----Epoch 16/50-----
05-25 08:29:31 current lr: [0.001, 0.001]
100%|#############################################################################################################################################################| 5/5 [00:00<00:00, 154.39it/s]
05-25 08:29:31 Train-Loss Source Classifier: 0.2036
05-25 08:29:31 Train-Loss MMD: 0.2052
05-25 08:29:31 Train-Loss L1: 0.0366
05-25 08:29:31 Train-Acc Source Data: 0.9688
100%|#############################################################################################################################################################| 3/3 [00:00<00:00, 585.47it/s]
05-25 08:29:31 Val-Acc Target Data: 0.9583
05-25 08:29:31 The best model epoch 14, val-acc 1.0000
05-25 08:29:31 -----Epoch 17/50-----
05-25 08:29:31 current lr: [0.001, 0.001]
100%|#############################################################################################################################################################| 5/5 [00:00<00:00, 150.80it/s]
05-25 08:29:31 Train-Loss Source Classifier: 0.2485
05-25 08:29:31 Train-Loss MMD: 0.2126
05-25 08:29:31 Train-Loss L1: 0.0325
05-25 08:29:31 Train-Acc Source Data: 0.9062
100%|#############################################################################################################################################################| 3/3 [00:00<00:00, 587.05it/s]
05-25 08:29:31 Val-Acc Target Data: 0.9792
05-25 08:29:31 The best model epoch 14, val-acc 1.0000
05-25 08:29:31 -----Epoch 18/50-----
05-25 08:29:31 current lr: [0.001, 0.001]
100%|#############################################################################################################################################################| 5/5 [00:00<00:00, 145.25it/s]
05-25 08:29:31 Train-Loss Source Classifier: 0.2191
05-25 08:29:31 Train-Loss MMD: 0.2189
05-25 08:29:31 Train-Loss L1: 0.0219
05-25 08:29:31 Train-Acc Source Data: 0.9187
100%|#############################################################################################################################################################| 3/3 [00:00<00:00, 584.90it/s]
05-25 08:29:31 Val-Acc Target Data: 0.9502
05-25 08:29:31 The best model epoch 14, val-acc 1.0000
05-25 08:29:31 -----Epoch 19/50-----
05-25 08:29:31 current lr: [0.001, 0.001]
100%|#############################################################################################################################################################| 5/5 [00:00<00:00, 158.33it/s]
05-25 08:29:31 Train-Loss Source Classifier: 0.1624
05-25 08:29:31 Train-Loss MMD: 0.2304
05-25 08:29:31 Train-Loss L1: 0.0239
05-25 08:29:31 Train-Acc Source Data: 0.9375
100%|#############################################################################################################################################################| 3/3 [00:00<00:00, 527.85it/s]
05-25 08:29:31 Val-Acc Target Data: 0.9565
05-25 08:29:31 The best model epoch 14, val-acc 1.0000
05-25 08:29:31 -----Epoch 20/50-----
05-25 08:29:31 current lr: [0.001, 0.001]
100%|#############################################################################################################################################################| 5/5 [00:00<00:00, 157.06it/s]
05-25 08:29:31 Train-Loss Source Classifier: 0.1456
05-25 08:29:31 Train-Loss MMD: 0.2530
05-25 08:29:31 Train-Loss L1: 0.0171
05-25 08:29:31 Train-Acc Source Data: 0.9563
100%|#############################################################################################################################################################| 3/3 [00:00<00:00, 579.24it/s]
05-25 08:29:31 Val-Acc Target Data: 1.0000
05-25 08:29:31 The best model epoch 20, val-acc 1.0000
05-25 08:29:31 -----Epoch 21/50-----
05-25 08:29:31 current lr: [0.0002, 0.0002]
100%|#############################################################################################################################################################| 5/5 [00:00<00:00, 158.42it/s]
05-25 08:29:31 Train-Loss Source Classifier: 0.2027
05-25 08:29:31 Train-Loss MMD: 0.2356
05-25 08:29:31 Train-Loss L1: 0.0109
05-25 08:29:31 Train-Acc Source Data: 0.9062
100%|#############################################################################################################################################################| 3/3 [00:00<00:00, 582.89it/s]
05-25 08:29:31 Val-Acc Target Data: 1.0000
05-25 08:29:31 The best model epoch 21, val-acc 1.0000
05-25 08:29:31 -----Epoch 22/50-----
05-25 08:29:31 current lr: [0.0002, 0.0002]
100%|#############################################################################################################################################################| 5/5 [00:00<00:00, 156.12it/s]
05-25 08:29:31 Train-Loss Source Classifier: 0.1245
05-25 08:29:31 Train-Loss MMD: 0.2072
05-25 08:29:31 Train-Loss L1: 0.0075
05-25 08:29:31 Train-Acc Source Data: 0.9688
100%|#############################################################################################################################################################| 3/3 [00:00<00:00, 586.56it/s]
05-25 08:29:31 Val-Acc Target Data: 1.0000
05-25 08:29:31 The best model epoch 22, val-acc 1.0000
05-25 08:29:31 -----Epoch 23/50-----
05-25 08:29:31 current lr: [0.0002, 0.0002]
100%|#############################################################################################################################################################| 5/5 [00:00<00:00, 153.49it/s]
05-25 08:29:31 Train-Loss Source Classifier: 0.0744
05-25 08:29:31 Train-Loss MMD: 0.1950
05-25 08:29:31 Train-Loss L1: 0.0102
05-25 08:29:31 Train-Acc Source Data: 0.9875
100%|#############################################################################################################################################################| 3/3 [00:00<00:00, 583.22it/s]
05-25 08:29:31 Val-Acc Target Data: 1.0000
05-25 08:29:31 The best model epoch 23, val-acc 1.0000
05-25 08:29:31 -----Epoch 24/50-----
05-25 08:29:31 current lr: [0.0002, 0.0002]
100%|#############################################################################################################################################################| 5/5 [00:00<00:00, 144.85it/s]
05-25 08:29:31 Train-Loss Source Classifier: 0.0592
05-25 08:29:31 Train-Loss MMD: 0.2124
05-25 08:29:31 Train-Loss L1: 0.0110
05-25 08:29:31 Train-Acc Source Data: 0.9938
100%|#############################################################################################################################################################| 3/3 [00:00<00:00, 582.65it/s]
05-25 08:29:31 Val-Acc Target Data: 0.9896
05-25 08:29:31 The best model epoch 23, val-acc 1.0000
05-25 08:29:31 -----Epoch 25/50-----
05-25 08:29:31 current lr: [0.0002, 0.0002]
100%|#############################################################################################################################################################| 5/5 [00:00<00:00, 136.95it/s]
05-25 08:29:31 Train-Loss Source Classifier: 0.1012
05-25 08:29:31 Train-Loss MMD: 0.1874
05-25 08:29:31 Train-Loss L1: 0.0099
05-25 08:29:31 Train-Acc Source Data: 0.9688
100%|#############################################################################################################################################################| 3/3 [00:00<00:00, 582.73it/s]
05-25 08:29:31 Val-Acc Target Data: 1.0000
05-25 08:29:31 The best model epoch 25, val-acc 1.0000
05-25 08:29:31 -----Epoch 26/50-----
05-25 08:29:31 current lr: [0.0002, 0.0002]
100%|#############################################################################################################################################################| 5/5 [00:00<00:00, 143.54it/s]
05-25 08:29:31 Train-Loss Source Classifier: 0.1243
05-25 08:29:31 Train-Loss MMD: 0.1869
05-25 08:29:31 Train-Loss L1: 0.0091
05-25 08:29:31 Train-Acc Source Data: 0.9375
100%|#############################################################################################################################################################| 3/3 [00:00<00:00, 583.79it/s]
05-25 08:29:31 Val-Acc Target Data: 1.0000
05-25 08:29:31 The best model epoch 26, val-acc 1.0000
05-25 08:29:31 -----Epoch 27/50-----
05-25 08:29:31 current lr: [0.0002, 0.0002]
100%|#############################################################################################################################################################| 5/5 [00:00<00:00, 136.57it/s]
05-25 08:29:31 Train-Loss Source Classifier: 0.0598
05-25 08:29:31 Train-Loss MMD: 0.2095
05-25 08:29:31 Train-Loss L1: 0.0085
05-25 08:29:31 Train-Acc Source Data: 1.0000
100%|#############################################################################################################################################################| 3/3 [00:00<00:00, 582.00it/s]
05-25 08:29:31 Val-Acc Target Data: 1.0000
05-25 08:29:31 The best model epoch 27, val-acc 1.0000
05-25 08:29:31 -----Epoch 28/50-----
05-25 08:29:31 current lr: [0.0002, 0.0002]
100%|#############################################################################################################################################################| 5/5 [00:00<00:00, 133.70it/s]
05-25 08:29:31 Train-Loss Source Classifier: 0.1087
05-25 08:29:31 Train-Loss MMD: 0.2180
05-25 08:29:31 Train-Loss L1: 0.0076
05-25 08:29:31 Train-Acc Source Data: 0.9750
100%|#############################################################################################################################################################| 3/3 [00:00<00:00, 576.91it/s]
05-25 08:29:31 Val-Acc Target Data: 1.0000
05-25 08:29:31 The best model epoch 28, val-acc 1.0000
05-25 08:29:31 -----Epoch 29/50-----
05-25 08:29:31 current lr: [0.0002, 0.0002]
100%|#############################################################################################################################################################| 5/5 [00:00<00:00, 140.13it/s]
05-25 08:29:31 Train-Loss Source Classifier: 0.1144
05-25 08:29:31 Train-Loss MMD: 0.1812
05-25 08:29:31 Train-Loss L1: 0.0085
05-25 08:29:31 Train-Acc Source Data: 0.9563
100%|#############################################################################################################################################################| 3/3 [00:00<00:00, 536.08it/s]
05-25 08:29:31 Val-Acc Target Data: 1.0000
05-25 08:29:31 The best model epoch 29, val-acc 1.0000
05-25 08:29:31 -----Epoch 30/50-----
05-25 08:29:31 current lr: [0.0002, 0.0002]
100%|#############################################################################################################################################################| 5/5 [00:00<00:00, 143.89it/s]
05-25 08:29:31 Train-Loss Source Classifier: 0.0655
05-25 08:29:31 Train-Loss MMD: 0.2000
05-25 08:29:31 Train-Loss L1: 0.0081
05-25 08:29:31 Train-Acc Source Data: 0.9938
100%|#############################################################################################################################################################| 3/3 [00:00<00:00, 561.21it/s]
05-25 08:29:31 Val-Acc Target Data: 1.0000
05-25 08:29:31 The best model epoch 30, val-acc 1.0000
05-25 08:29:31 -----Epoch 31/50-----
05-25 08:29:31 current lr: [0.0002, 0.0002]
100%|#############################################################################################################################################################| 5/5 [00:00<00:00, 139.51it/s]
05-25 08:29:31 Train-Loss Source Classifier: 0.0661
05-25 08:29:31 Train-Loss MMD: 0.2072
05-25 08:29:31 Train-Loss L1: 0.0089
05-25 08:29:31 Train-Acc Source Data: 0.9812
100%|#############################################################################################################################################################| 3/3 [00:00<00:00, 582.81it/s]
05-25 08:29:31 Val-Acc Target Data: 1.0000
05-25 08:29:31 The best model epoch 31, val-acc 1.0000
05-25 08:29:31 -----Epoch 32/50-----
05-25 08:29:31 current lr: [0.0002, 0.0002]
100%|#############################################################################################################################################################| 5/5 [00:00<00:00, 137.54it/s]
05-25 08:29:31 Train-Loss Source Classifier: 0.0654
05-25 08:29:31 Train-Loss MMD: 0.2048
05-25 08:29:31 Train-Loss L1: 0.0075
05-25 08:29:31 Train-Acc Source Data: 0.9938
100%|#############################################################################################################################################################| 3/3 [00:00<00:00, 583.22it/s]
05-25 08:29:32 Val-Acc Target Data: 1.0000
05-25 08:29:32 The best model epoch 32, val-acc 1.0000
05-25 08:29:32 -----Epoch 33/50-----
05-25 08:29:32 current lr: [0.0002, 0.0002]
100%|#############################################################################################################################################################| 5/5 [00:00<00:00, 145.60it/s]
05-25 08:29:32 Train-Loss Source Classifier: 0.0728
05-25 08:29:32 Train-Loss MMD: 0.2107
05-25 08:29:32 Train-Loss L1: 0.0093
05-25 08:29:32 Train-Acc Source Data: 0.9750
100%|#############################################################################################################################################################| 3/3 [00:00<00:00, 541.15it/s]
05-25 08:29:32 Val-Acc Target Data: 1.0000
05-25 08:29:32 The best model epoch 33, val-acc 1.0000
05-25 08:29:32 -----Epoch 34/50-----
05-25 08:29:32 current lr: [0.0002, 0.0002]
100%|#############################################################################################################################################################| 5/5 [00:00<00:00, 150.20it/s]
05-25 08:29:32 Train-Loss Source Classifier: 0.0726
05-25 08:29:32 Train-Loss MMD: 0.2037
05-25 08:29:32 Train-Loss L1: 0.0106
05-25 08:29:32 Train-Acc Source Data: 0.9938
100%|#############################################################################################################################################################| 3/3 [00:00<00:00, 573.25it/s]
05-25 08:29:32 Val-Acc Target Data: 1.0000
05-25 08:29:32 The best model epoch 34, val-acc 1.0000
05-25 08:29:32 -----Epoch 35/50-----
05-25 08:29:32 current lr: [0.0002, 0.0002]
100%|#############################################################################################################################################################| 5/5 [00:00<00:00, 148.53it/s]
05-25 08:29:32 Train-Loss Source Classifier: 0.0610
05-25 08:29:32 Train-Loss MMD: 0.2045
05-25 08:29:32 Train-Loss L1: 0.0081
05-25 08:29:32 Train-Acc Source Data: 0.9812
100%|#############################################################################################################################################################| 3/3 [00:00<00:00, 584.27it/s]
05-25 08:29:32 Val-Acc Target Data: 1.0000
05-25 08:29:32 The best model epoch 35, val-acc 1.0000
05-25 08:29:32 -----Epoch 36/50-----
05-25 08:29:32 current lr: [0.0002, 0.0002]
100%|#############################################################################################################################################################| 5/5 [00:00<00:00, 152.73it/s]
05-25 08:29:32 Train-Loss Source Classifier: 0.0459
05-25 08:29:32 Train-Loss MMD: 0.2062
05-25 08:29:32 Train-Loss L1: 0.0063
05-25 08:29:32 Train-Acc Source Data: 1.0000
100%|#############################################################################################################################################################| 3/3 [00:00<00:00, 586.81it/s]
05-25 08:29:32 Val-Acc Target Data: 1.0000
05-25 08:29:32 The best model epoch 36, val-acc 1.0000
05-25 08:29:32 -----Epoch 37/50-----
05-25 08:29:32 current lr: [0.0002, 0.0002]
100%|#############################################################################################################################################################| 5/5 [00:00<00:00, 142.06it/s]
05-25 08:29:32 Train-Loss Source Classifier: 0.0920
05-25 08:29:32 Train-Loss MMD: 0.1813
05-25 08:29:32 Train-Loss L1: 0.0046
05-25 08:29:32 Train-Acc Source Data: 0.9688
100%|#############################################################################################################################################################| 3/3 [00:00<00:00, 580.50it/s]
05-25 08:29:32 Val-Acc Target Data: 1.0000
05-25 08:29:32 The best model epoch 37, val-acc 1.0000
05-25 08:29:32 -----Epoch 38/50-----
05-25 08:29:32 current lr: [0.0002, 0.0002]
100%|#############################################################################################################################################################| 5/5 [00:00<00:00, 150.15it/s]
05-25 08:29:32 Train-Loss Source Classifier: 0.0511
05-25 08:29:32 Train-Loss MMD: 0.1880
05-25 08:29:32 Train-Loss L1: 0.0059
05-25 08:29:32 Train-Acc Source Data: 1.0000
100%|#############################################################################################################################################################| 3/3 [00:00<00:00, 578.87it/s]
05-25 08:29:32 Val-Acc Target Data: 1.0000
05-25 08:29:32 The best model epoch 38, val-acc 1.0000
05-25 08:29:32 -----Epoch 39/50-----
05-25 08:29:32 current lr: [0.0002, 0.0002]
100%|#############################################################################################################################################################| 5/5 [00:00<00:00, 151.43it/s]
05-25 08:29:32 Train-Loss Source Classifier: 0.0815
05-25 08:29:32 Train-Loss MMD: 0.2047
05-25 08:29:32 Train-Loss L1: 0.0064
05-25 08:29:32 Train-Acc Source Data: 0.9812
100%|#############################################################################################################################################################| 3/3 [00:00<00:00, 582.70it/s]
05-25 08:29:32 Val-Acc Target Data: 1.0000
05-25 08:29:32 The best model epoch 39, val-acc 1.0000
05-25 08:29:32 -----Epoch 40/50-----
05-25 08:29:32 current lr: [0.0002, 0.0002]
100%|#############################################################################################################################################################| 5/5 [00:00<00:00, 140.00it/s]
05-25 08:29:32 Train-Loss Source Classifier: 0.0434
05-25 08:29:32 Train-Loss MMD: 0.1799
05-25 08:29:32 Train-Loss L1: 0.0062
05-25 08:29:32 Train-Acc Source Data: 1.0000
100%|#############################################################################################################################################################| 3/3 [00:00<00:00, 588.15it/s]
05-25 08:29:32 Val-Acc Target Data: 1.0000
05-25 08:29:32 The best model epoch 40, val-acc 1.0000
05-25 08:29:32 -----Epoch 41/50-----
05-25 08:29:32 current lr: [4e-05, 4e-05]
100%|#############################################################################################################################################################| 5/5 [00:00<00:00, 143.85it/s]
05-25 08:29:32 Train-Loss Source Classifier: 0.0555
05-25 08:29:32 Train-Loss MMD: 0.2074
05-25 08:29:32 Train-Loss L1: 0.0062
05-25 08:29:32 Train-Acc Source Data: 0.9875
100%|#############################################################################################################################################################| 3/3 [00:00<00:00, 583.51it/s]
05-25 08:29:32 Val-Acc Target Data: 1.0000
05-25 08:29:32 The best model epoch 41, val-acc 1.0000
05-25 08:29:32 -----Epoch 42/50-----
05-25 08:29:32 current lr: [4e-05, 4e-05]
100%|#############################################################################################################################################################| 5/5 [00:00<00:00, 145.56it/s]
05-25 08:29:32 Train-Loss Source Classifier: 0.0319
05-25 08:29:32 Train-Loss MMD: 0.2120
05-25 08:29:32 Train-Loss L1: 0.0086
05-25 08:29:32 Train-Acc Source Data: 1.0000
100%|#############################################################################################################################################################| 3/3 [00:00<00:00, 584.03it/s]
05-25 08:29:32 Val-Acc Target Data: 1.0000
05-25 08:29:32 The best model epoch 42, val-acc 1.0000
05-25 08:29:32 -----Epoch 43/50-----
05-25 08:29:32 current lr: [4e-05, 4e-05]
100%|#############################################################################################################################################################| 5/5 [00:00<00:00, 133.33it/s]
05-25 08:29:32 Train-Loss Source Classifier: 0.0485
05-25 08:29:32 Train-Loss MMD: 0.1898
05-25 08:29:32 Train-Loss L1: 0.0076
05-25 08:29:32 Train-Acc Source Data: 1.0000
100%|#############################################################################################################################################################| 3/3 [00:00<00:00, 586.29it/s]
05-25 08:29:32 Val-Acc Target Data: 1.0000
05-25 08:29:32 The best model epoch 43, val-acc 1.0000
05-25 08:29:32 -----Epoch 44/50-----
05-25 08:29:32 current lr: [4e-05, 4e-05]
100%|#############################################################################################################################################################| 5/5 [00:00<00:00, 133.98it/s]
05-25 08:29:32 Train-Loss Source Classifier: 0.0314
05-25 08:29:32 Train-Loss MMD: 0.1883
05-25 08:29:32 Train-Loss L1: 0.0071
05-25 08:29:32 Train-Acc Source Data: 1.0000
100%|#############################################################################################################################################################| 3/3 [00:00<00:00, 587.88it/s]
05-25 08:29:32 Val-Acc Target Data: 1.0000
05-25 08:29:32 The best model epoch 44, val-acc 1.0000
05-25 08:29:32 -----Epoch 45/50-----
05-25 08:29:32 current lr: [4e-05, 4e-05]
100%|#############################################################################################################################################################| 5/5 [00:00<00:00, 139.81it/s]
05-25 08:29:32 Train-Loss Source Classifier: 0.0361
05-25 08:29:32 Train-Loss MMD: 0.1889
05-25 08:29:32 Train-Loss L1: 0.0071
05-25 08:29:32 Train-Acc Source Data: 1.0000
100%|#############################################################################################################################################################| 3/3 [00:00<00:00, 585.39it/s]
05-25 08:29:32 Val-Acc Target Data: 1.0000
05-25 08:29:32 The best model epoch 45, val-acc 1.0000
05-25 08:29:32 -----Epoch 46/50-----
05-25 08:29:32 current lr: [4e-05, 4e-05]
100%|#############################################################################################################################################################| 5/5 [00:00<00:00, 138.81it/s]
05-25 08:29:32 Train-Loss Source Classifier: 0.0458
05-25 08:29:32 Train-Loss MMD: 0.1869
05-25 08:29:32 Train-Loss L1: 0.0056
05-25 08:29:32 Train-Acc Source Data: 0.9938
100%|#############################################################################################################################################################| 3/3 [00:00<00:00, 586.15it/s]
05-25 08:29:32 Val-Acc Target Data: 1.0000
05-25 08:29:32 The best model epoch 46, val-acc 1.0000
05-25 08:29:32 -----Epoch 47/50-----
05-25 08:29:32 current lr: [4e-05, 4e-05]
100%|#############################################################################################################################################################| 5/5 [00:00<00:00, 135.48it/s]
05-25 08:29:32 Train-Loss Source Classifier: 0.0490
05-25 08:29:32 Train-Loss MMD: 0.1897
05-25 08:29:32 Train-Loss L1: 0.0050
05-25 08:29:32 Train-Acc Source Data: 0.9938
100%|#############################################################################################################################################################| 3/3 [00:00<00:00, 587.00it/s]
05-25 08:29:32 Val-Acc Target Data: 1.0000
05-25 08:29:32 The best model epoch 47, val-acc 1.0000
05-25 08:29:32 -----Epoch 48/50-----
05-25 08:29:32 current lr: [4e-05, 4e-05]
100%|#############################################################################################################################################################| 5/5 [00:00<00:00, 153.29it/s]
05-25 08:29:32 Train-Loss Source Classifier: 0.0476
05-25 08:29:32 Train-Loss MMD: 0.1914
05-25 08:29:32 Train-Loss L1: 0.0053
05-25 08:29:32 Train-Acc Source Data: 0.9938
100%|#############################################################################################################################################################| 3/3 [00:00<00:00, 580.50it/s]
05-25 08:29:32 Val-Acc Target Data: 1.0000
05-25 08:29:32 The best model epoch 48, val-acc 1.0000
05-25 08:29:32 -----Epoch 49/50-----
05-25 08:29:32 current lr: [4e-05, 4e-05]
100%|#############################################################################################################################################################| 5/5 [00:00<00:00, 147.66it/s]
05-25 08:29:32 Train-Loss Source Classifier: 0.0431
05-25 08:29:32 Train-Loss MMD: 0.1903
05-25 08:29:32 Train-Loss L1: 0.0047
05-25 08:29:32 Train-Acc Source Data: 0.9938
100%|#############################################################################################################################################################| 3/3 [00:00<00:00, 584.52it/s]
05-25 08:29:32 Val-Acc Target Data: 1.0000
05-25 08:29:32 The best model epoch 49, val-acc 1.0000
05-25 08:29:32 -----Epoch 50/50-----
05-25 08:29:32 current lr: [4e-05, 4e-05]
100%|#############################################################################################################################################################| 5/5 [00:00<00:00, 138.21it/s]
05-25 08:29:32 Train-Loss Source Classifier: 0.0663
05-25 08:29:32 Train-Loss MMD: 0.2284
05-25 08:29:32 Train-Loss L1: 0.0045
05-25 08:29:32 Train-Acc Source Data: 0.9812
100%|#############################################################################################################################################################| 3/3 [00:00<00:00, 590.55it/s]
05-25 08:29:32 Val-Acc Target Data: 1.0000
05-25 08:29:32 The best model epoch 50, val-acc 1.0000
100%|#############################################################################################################################################################| 5/5 [00:00<00:00, 153.29it/s]